1|999999|20121203|564.82                 
1|999999|20130208|494.4599999999999      
1|999999|20130515|527.72                 
1|999999|20130524|527.5699999999999      
1|999999|20130626|638.6999999999999      
1|999999|20130913|689.5999999999999      
1|999999|20131113|775.25                 
1|999999|20131216|775.7700000000002      
1|999999|20140603|593.4900000000001      
1|999999|20140604|594.79                 
1|999999|20140605|594.3699999999999      
1|999999|20140606|592.5                  
1|999999|20140609|589.9800000000001      
1|999999|20140610|592.1999999999999      
1|999999|20140611|590.8399999999999      
1|999999|20140612|591.1                  
1|999999|20140613|592.99                 
1|999999|20140616|595.79                 
1|999999|20140617|605.3899999999999      
1|999999|20140618|608.01                 
1|999999|20140619|612.5899999999999      
1|999999|20140620|614.51                 
1|999999|20140623|612.83                 
1|999999|20140624|612.04                 
1|999999|20140625|612.7                  
1|999999|20140626|613.36                 
1|999999|20140627|613.6700000000001      
1|999999|20140630|613.23                 
1|999999|20140701|612.8100000000001      
1|999999|20140702|612.85                 
1|999999|20140703|610.9599999999998      
1|999999|20140704|609.2599999999999      
1|999999|20140707|608.6299999999998      
1|999999|20140708|608.2699999999999      
1|999999|20140709|607.5099999999999      
1|999999|20140710|608.02                 
1|999999|20140711|605.3499999999999      
1|999999|20140714|602.9399999999998      
1|999999|20140715|601.8899999999999      
1|999999|20140716|602.1599999999999      
1|999999|20140717|601.9999999999998      
1|999999|20140718|602.2700000000001      
1|999999|20140721|600.51                 
1|999999|20140722|595.9499999999998      
1|999999|20140723|594.5099999999999      
1|999999|20140724|593.6099999999999      
1|999999|20140725|599.2199999999999      
1|999999|20140728|594.6400000000001      
1|999999|20140729|590.6099999999999      
1|999999|20140730|596.17                 
1|999999|20140731|598.6099999999998      
1|999999|20140801|603.4999999999999      
1|999999|20140804|601.9599999999998      
1|999999|20140805|600.6199999999998      
1|999999|20140806|599.3999999999999      
1|999999|20140807|595.81                 
1|999999|20140808|596.0600000000001      
1|999999|20140811|594.66                 
1|999999|20140812|592.1300000000001      
1|999999|20140813|591.3400000000001      
1|999999|20140814|589.77                 
1|999999|20140815|588.3500000000001      
1|999999|20140818|582.87                 
1|999999|20140819|587.54                 
1|999999|20140820|584.7199999999999      
1|999999|20140821|584.5099999999998      
1|999999|20140822|582.23                 
1|999999|20140825|581.24                 
1|999999|20140826|583.8100000000002      
1|999999|20140827|582.04                 
1|999999|20140828|581.8999999999999      
1|999999|20140829|581.1599999999999      
1|999999|20140901|574.12                 
1|999999|20140902|565.96                 
1|999999|20140903|565.2399999999998      
1|999999|20140904|564.3299999999999      
1|999999|20140905|569.15                 
1|999999|20140909|566.96                 
1|999999|20140910|564.4200000000001      
1|999999|20140911|562.11                 
1|999999|20140912|560.51                 
1|999999|20140915|555.91                 
1|999999|20140916|553.05                 
1|999999|20140917|550.7799999999997      
1|999999|20140918|545.24                 
1|999999|20140919|547.1100000000001      
1|999999|20140922|546.89                 
1|999999|20140923|546.2499999999999      
1|999999|20140924|549.32                 
1|999999|20140925|548.55                 
1|999999|20140926|547.1999999999999      
1|999999|20140929|540.2600000000001      
1|999999|20140930|538.7299999999999      
1|999999|20141008|534.1700000000001      
1|999999|20141009|532.0700000000003      
1|999999|20141010|528.38                 
1|999999|20141013|526.3599999999999      
1|999999|20141014|522.13                 
1|999999|20141015|519.72                 
1|999999|20141016|517.07                 
1|999999|20141017|523.6199999999999      
1|999999|20141020|521.0600000000001      
1|999999|20141021|522.27                 
1|999999|20141022|522.81                 
1|999999|20141023|525.64                 
1|999999|20141024|527.17                 
1|999999|20141027|530.01                 
1|999999|20141028|524.2299999999999      
1|999999|20141029|517.9300000000001      
1|999999|20141030|511.2                  
1|999999|20141031|514.2800000000003      
1|999999|20141103|512.5800000000002      
1|999999|20141104|508.14                 
1|999999|20141105|508.0300000000002      
1|999999|20141106|513.44                 
1|999999|20141107|506.1                  
1|999999|20141110|501.16999999999996     
1|999999|20141111|503.0999999999999      
1|999999|20141112|504.5699999999999      
1|999999|20141113|500.31999999999994     
1|999999|20141114|504.34999999999997     
1|999999|20141117|507.01000000000005     
1|999999|20141118|511.39                 
1|999999|20141119|510.42999999999995     
1|999999|20141120|509.66999999999996     
1|999999|20141121|513.1100000000001      
1|999999|20141124|513.1899999999998      
1|999999|20141125|506.86                 
1|999999|20141126|506.79999999999995     
1|999999|20141127|493.4500000000001      
1|999999|20141128|484.6300000000001      
1|999999|20141201|481.92999999999995     
1|999999|20141202|489.44                 
1|999999|20141203|500.29999999999984     
1|999999|20141204|506.45                 
1|999999|20141205|521.4399999999999      
1|999999|20141208|517.2                  
1|999999|20141209|517.94                 
1|999999|20141210|542.06                 
1|999999|20141211|529.81                 
1|999999|20141212|535.77                 
1|999999|20141215|538.76                 
1|999999|20141216|527.7700000000001      
1|999999|20141217|525.53                 
1|999999|20141218|549.01                 
1|999999|20141219|562.9100000000001      
1|999999|20141222|562.1600000000001      
1|999999|20141223|551.9                  
1|999999|20141224|536.8900000000001      
1|999999|20141225|525.63                 
1|999999|20141226|529.87                 
1|999999|20141229|537.7500000000001      
1|999999|20141230|531.35                 
1|999999|20141231|541.0100000000001      
1|999999|20150105|561.3                  
1|999999|20150106|552.82                 
1|999999|20150107|542.42                 
1|999999|20150108|537.78                 
1|999999|20150109|527.28                 
1|999999|20150112|536.48                 
1|999999|20150113|542.7199999999999      
1|999999|20150114|549.3                  
1|999999|20150115|546.8599999999999      
1|999999|20150116|555.0899999999999      
1|999999|20150119|559.6399999999999      
1|999999|20150120|547.3799999999999      
1|999999|20150121|535.8299999999999      
1|999999|20150122|530.0699999999998      
1|999999|20150123|534.78                 
1|999999|20150126|541.5599999999998      
1|999999|20150127|536.4                  
1|999999|20150128|532.45                 
1|999999|20150129|528.6999999999999      
1|999999|20150130|523.6099999999998      
1|999999|20150202|515.0799999999999      
1|999999|20150203|519.33                 
1|999999|20150204|521.5899999999999      
1|999999|20150205|523.5600000000001      
1|999999|20150206|525.49                 
1|999999|20150209|530.9799999999998      
1|999999|20150210|538.92                 
1|999999|20150211|542.9399999999999      
1|999999|20150212|546.26                 
1|999999|20150213|546.5999999999999      
1|999999|20150216|543.81                 
1|999999|20150217|545.1399999999999      
1|999999|20150225|536.82                 
1|999999|20150226|538.9499999999999      
1|999999|20150227|540.1099999999999      
1|999999|20150302|538.33                 
1|999999|20150303|537.8000000000001      
1|999999|20150304|536.7599999999999      
1|999999|20150305|532.0899999999998      
1|999999|20150306|528.36                 
1|999999|20150309|528.0999999999999      
1|999999|20150310|527.5999999999999      
1|999999|20150311|529.3399999999999      
1|999999|20150312|533.5299999999999      
1|999999|20150313|526.52                 
1|999999|20150316|524.7199999999998      
1|999999|20150317|519.3699999999998      
1|999999|20150318|518.3499999999999      
1|999999|20150319|511.2799999999999      
1|999999|20150320|501.2300000000001      
1|999999|20150323|503.13000000000017     
1|999999|20150324|502.50000000000017     
1|999999|20150325|519.95                 
1|999999|20150326|500.4199999999999      
1|999999|20150327|492.77                 
1|999999|20150330|500.0199999999999      
1|999999|20150331|505.4600000000001      
1|999999|20150401|509.20999999999987     
1|999999|20150402|493.5                  
1|999999|20150403|495.85999999999996     
1|999999|20150407|481.19                 
1|999999|20150408|479.00000000000006     
1|999999|20150409|477.71000000000004     
1|999999|20150410|491.88                 
1|999999|20150413|492.48000000000013     
1|999999|20150414|476.74                 
1|999999|20150415|481.0300000000001      
1|999999|20150416|512.1400000000001      
1|999999|20150417|503.3000000000002      
1|999999|20150420|500.5200000000001      
1|999999|20150421|500.14000000000016     
1|999999|20150422|457.97                 
1|999999|20150423|452.31000000000006     
1|999999|20150424|446.30999999999995     
1|999999|20150427|450.73999999999995     
1|999999|20150428|434.04999999999995     
1|999999|20150429|442.23                 
1|999999|20150430|448.29999999999995     
1|999999|20150504|441.9599999999999      
1|999999|20150505|441.2399999999999      
1|999999|20150506|447.23                 
1|999999|20150507|475.9599999999999      
1|999999|20150508|475.7500000000001      
1|999999|20150511|443.1600000000001      
1|999999|20150512|429.6499999999999      
1|999999|20150513|419.16999999999996     
1|999999|20150514|411.92                 
1|999999|20150515|415.36                 
1|999999|20150518|403.61999999999995     
1|999999|20150519|407.44                 
1|999999|20150520|428.18000000000006     
1|999999|20150521|432.62                 
1|999999|20150522|440.41999999999996     
1|999999|20150525|454.0299999999999      
1|999999|20150526|457.89000000000004     
1|999999|20150527|464.88000000000005     
1|999999|20150528|451.78                 
1|999999|20150529|449.42999999999984     
1|999999|20150601|453.55999999999983     
1|999999|20150602|453.5899999999999      
1|999999|20150603|447.9199999999999      
1|999999|20150604|425.37                 
1|999999|20150605|416.99                 
1|999999|20150608|407.36                 
1|999999|20150609|404.39000000000004     
1|999999|20150610|395.51000000000005     
1|999999|20150611|392.2200000000001      
1|999999|20150612|393.0199999999998      
1|999999|20150615|382.53999999999985     
1|999999|20150616|386.7199999999999      
1|999999|20150617|380.77999999999975     
1|999999|20150618|384.93999999999977     
1|999999|20150619|393.51999999999987     
1|999999|20150623|402.29                 
1|999999|20150624|378                    
1|999999|20150625|370.7399999999999      
1|999999|20150626|383.85999999999996     
1|999999|20150629|410.06                 
1|999999|20150630|457.2299999999998      
1|999999|20150701|458.47999999999985     
1|999999|20150702|504.55999999999955     
1|999999|20150703|551.9399999999996      
1|999999|20150706|658.3700000000001      
1|999999|20150707|654.91                 
1|999999|20150708|660.6499999999999      
1|999999|20150709|642.4200000000001      
1|999999|20150710|636.2600000000001      
1|999999|20150713|619.32                 
1|999999|20150714|609.68                 
1|999999|20150715|602.28                 
1|999999|20150716|599.12                 
1|999999|20150717|586.6899999999999      
1|999999|20150720|579.3700000000001      
1|999999|20150721|572.45                 
1|999999|20150722|566.65                 
1|999999|20150723|557.2700000000001      
1|999999|20150724|549.7499999999998      
1|999999|20150727|556.9999999999999      
1|999999|20150728|557.78                 
1|999999|20150729|554.7200000000001      
1|000016|20121203|111.96                 
1|000016|20130208|88.69                  
1|000016|20130515|96.3                   
1|000016|20130524|98.94                  
1|000016|20130626|134.1                  
1|000016|20130913|120.57                 
1|000016|20131113|129.73                 
1|000016|20131216|131.46                 
1|000016|20140603|137.05                 
1|000016|20140604|137.55                 
1|000016|20140605|137.18                 
1|000016|20140606|136.93                 
1|000016|20140609|136.34                 
1|000016|20140610|136.58                 
1|000016|20140611|136.12                 
1|000016|20140612|136.35                 
1|000016|20140613|136.67                 
1|000016|20140616|137.49                 
1|000016|20140617|139.28                 
1|000016|20140618|139.81                 
1|000016|20140619|141.15                 
1|000016|20140620|141.06                 
1|000016|20140623|140.4                  
1|000016|20140624|140.43                 
1|000016|20140625|141.06                 
1|000016|20140626|141.11                 
1|000016|20140627|141.64                 
1|000016|20140630|141.29                 
1|000016|20140701|142.01                 
1|000016|20140702|142.26                 
1|000016|20140703|141.25                 
1|000016|20140704|140.48                 
1|000016|20140707|140.28                 
1|000016|20140708|140.31                 
1|000016|20140709|140.27                 
1|000016|20140710|140.82                 
1|000016|20140711|139.97                 
1|000016|20140714|139.42                 
1|000016|20140715|138.79                 
1|000016|20140716|139.09                 
1|000016|20140717|139.43                 
1|000016|20140718|139.11                 
1|000016|20140721|138.86                 
1|000016|20140722|137.67                 
1|000016|20140723|137.74                 
1|000016|20140724|137.11                 
1|000016|20140725|137.47                 
1|000016|20140728|133.33                 
1|000016|20140729|132.58                 
1|000016|20140730|134.01                 
1|000016|20140731|134.17                 
1|000016|20140801|136.09                 
1|000016|20140804|135.46                 
1|000016|20140805|134.14                 
1|000016|20140806|134.29                 
1|000016|20140807|132.75                 
1|000016|20140808|133.1                  
1|000016|20140811|132.42                 
1|000016|20140812|132.04                 
1|000016|20140813|132.38                 
1|000016|20140814|131.8                  
1|000016|20140815|131.32                 
1|000016|20140818|129.75                 
1|000016|20140819|129.18                 
1|000016|20140820|128.65                 
1|000016|20140821|129.35                 
1|000016|20140822|128.86                 
1|000016|20140825|128.69                 
1|000016|20140826|130.15                 
1|000016|20140827|129.55                 
1|000016|20140828|130.04                 
1|000016|20140829|129.51                 
1|000016|20140901|126.21                 
1|000016|20140902|123.55                 
1|000016|20140903|122.77                 
1|000016|20140904|121.9                  
1|000016|20140905|120.99                 
1|000016|20140909|119.6                  
1|000016|20140910|118.24                 
1|000016|20140911|117.8                  
1|000016|20140912|117.84                 
1|000016|20140915|117.9                  
1|000016|20140916|117.93                 
1|000016|20140917|117.95                 
1|000016|20140918|116.95                 
1|000016|20140919|117.14                 
1|000016|20140922|117.46                 
1|000016|20140923|115.65                 
1|000016|20140924|115                    
1|000016|20140925|114.15                 
1|000016|20140926|113.95                 
1|000016|20140929|110.46                 
1|000016|20140930|110.58                 
1|000016|20141008|110.27                 
1|000016|20141009|109.5                  
1|000016|20141010|109.05                 
1|000016|20141013|109.8                  
1|000016|20141014|109.42                 
1|000016|20141015|109.01                 
1|000016|20141016|108.47                 
1|000016|20141017|109.48                 
1|000016|20141020|108.57                 
1|000016|20141021|108.71                 
1|000016|20141022|109.33                 
1|000016|20141023|110.17                 
1|000016|20141024|110.53                 
1|000016|20141027|110.85                 
1|000016|20141028|109.51                 
1|000016|20141029|108.08                 
1|000016|20141030|106.96                 
1|000016|20141031|106.92                 
1|000016|20141103|106.3                  
1|000016|20141104|105.82                 
1|000016|20141105|105.73                 
1|000016|20141106|106.62                 
1|000016|20141107|105.01                 
1|000016|20141110|103.83                 
1|000016|20141111|102.68                 
1|000016|20141112|103.17                 
1|000016|20141113|104.03                 
1|000016|20141114|105.05                 
1|000016|20141117|105.71                 
1|000016|20141118|106.91                 
1|000016|20141119|106.96                 
1|000016|20141120|106.78                 
1|000016|20141121|106.19                 
1|000016|20141124|105.91                 
1|000016|20141125|103.19                 
1|000016|20141126|101.08                 
1|000016|20141127|98.63                  
1|000016|20141128|98.04                  
1|000016|20141201|98.96                  
1|000016|20141202|99.02                  
1|000016|20141203|101.32                 
1|000016|20141204|101.84                 
1|000016|20141205|104.41                 
1|000016|20141208|103.19                 
1|000016|20141209|103.44                 
1|000016|20141210|105.32                 
1|000016|20141211|105.16                 
1|000016|20141212|105.54                 
1|000016|20141215|105.53                 
1|000016|20141216|101.67                 
1|000016|20141217|100.29                 
1|000016|20141218|101.34                 
1|000016|20141219|103.47                 
1|000016|20141222|102.47                 
1|000016|20141223|101.71                 
1|000016|20141224|101.09                 
1|000016|20141225|99.78                  
1|000016|20141226|100.34                 
1|000016|20141229|99.04                  
1|000016|20141230|98.49                  
1|000016|20141231|101.56                 
1|000016|20150105|103.24                 
1|000016|20150106|100.84                 
1|000016|20150107|100.41                 
1|000016|20150108|100.88                 
1|000016|20150109|98.92                  
1|000016|20150112|103.87                 
1|000016|20150113|105.33                 
1|000016|20150114|108.21                 
1|000016|20150115|107.84                 
1|000016|20150116|110.97                 
1|000016|20150119|114.04                 
1|000016|20150120|114.32                 
1|000016|20150121|110.81                 
1|000016|20150122|112                    
1|000016|20150123|114.32                 
1|000016|20150126|115.21                 
1|000016|20150127|116.33                 
1|000016|20150128|114.19                 
1|000016|20150129|115.35                 
1|000016|20150130|115.83                 
1|000016|20150202|115.54                 
1|000016|20150203|115.82                 
1|000016|20150204|115.99                 
1|000016|20150205|117.85                 
1|000016|20150206|119.67                 
1|000016|20150209|120.96                 
1|000016|20150210|123.35                 
1|000016|20150211|122.8                  
1|000016|20150212|122.26                 
1|000016|20150213|120.86                 
1|000016|20150216|119.37                 
1|000016|20150217|119.22                 
1|000016|20150225|119.34                 
1|000016|20150226|119.23                 
1|000016|20150227|118.2                  
1|000016|20150302|120.35                 
1|000016|20150303|120.61                 
1|000016|20150304|121                    
1|000016|20150305|121.28                 
1|000016|20150306|120.75                 
1|000016|20150309|120.69                 
1|000016|20150310|119.94                 
1|000016|20150311|117.82                 
1|000016|20150312|116.36                 
1|000016|20150313|113.92                 
1|000016|20150316|114.37                 
1|000016|20150317|112.53                 
1|000016|20150318|113.22                 
1|000016|20150319|113.64                 
1|000016|20150320|111.24                 
1|000016|20150323|111.38                 
1|000016|20150324|112.93                 
1|000016|20150325|112.24                 
1|000016|20150326|107.41                 
1|000016|20150327|107.03                 
1|000016|20150330|107.55                 
1|000016|20150331|105.27                 
1|000016|20150401|105.4                  
1|000016|20150402|104.87                 
1|000016|20150403|105.76                 
1|000016|20150407|101.59                 
1|000016|20150408|103.16                 
1|000016|20150409|103.33                 
1|000016|20150410|105.92                 
1|000016|20150413|106.13                 
1|000016|20150414|107.15                 
1|000016|20150415|110.61                 
1|000016|20150416|137.39                 
1|000016|20150417|148.06                 
1|000016|20150420|142.84                 
1|000016|20150421|142.78                 
1|000016|20150422|125.75                 
1|000016|20150423|118.75                 
1|000016|20150424|113.33                 
1|000016|20150427|113.75                 
1|000016|20150428|103.19                 
1|000016|20150429|105.31                 
1|000016|20150430|104.45                 
1|000016|20150504|99.69                  
1|000016|20150505|98.35                  
1|000016|20150506|97.06                  
1|000016|20150507|101.6                  
1|000016|20150508|99.8                   
1|000016|20150511|93.49                  
1|000016|20150512|84.7                   
1|000016|20150513|79.45                  
1|000016|20150514|77.77                  
1|000016|20150515|79.5                   
1|000016|20150518|74.35                  
1|000016|20150519|77.45                  
1|000016|20150520|89.3                   
1|000016|20150521|94.66                  
1|000016|20150522|106.07                 
1|000016|20150525|118.35                 
1|000016|20150526|119.93                 
1|000016|20150527|116.53                 
1|000016|20150528|103.69                 
1|000016|20150529|91.99                  
1|000016|20150601|93.11                  
1|000016|20150602|89.2                   
1|000016|20150603|86.87                  
1|000016|20150604|88.11                  
1|000016|20150605|88.22                  
1|000016|20150608|102.32                 
1|000016|20150609|114.22                 
1|000016|20150610|109.9                  
1|000016|20150611|111.22                 
1|000016|20150612|110.72                 
1|000016|20150615|105.67                 
1|000016|20150616|108.81                 
1|000016|20150617|105.81                 
1|000016|20150618|108.03                 
1|000016|20150619|111.13                 
1|000016|20150623|112.92                 
1|000016|20150624|98.65                  
1|000016|20150625|94.52                  
1|000016|20150626|105.12                 
1|000016|20150629|111.09                 
1|000016|20150630|137.68                 
1|000016|20150701|137.91                 
1|000016|20150702|159.49                 
1|000016|20150703|169.26                 
1|000016|20150706|217.66                 
1|000016|20150707|194.57                 
1|000016|20150708|201.35                 
1|000016|20150709|194.6                  
1|000016|20150710|192.08                 
1|000016|20150713|180.47                 
1|000016|20150714|177.04                 
1|000016|20150715|173.12                 
1|000016|20150716|175.7                  
1|000016|20150717|168.7                  
1|000016|20150720|166.37                 
1|000016|20150721|164.18                 
1|000016|20150722|163.27                 
1|000016|20150723|158.44                 
1|000016|20150724|154.65                 
1|000016|20150727|159.73                 
1|000016|20150728|160.84                 
1|000016|20150729|160                    
1|000300|20121203|89.13                  
1|000300|20130208|156.14                 
1|000300|20130515|140.86                 
1|000300|20130524|142.57999999999998     
1|000300|20130626|154.26999999999998     
1|000300|20130913|142.35999999999999     
1|000300|20131113|192.89                 
1|000300|20131216|196.82                 
1|000300|20140603|205.01999999999998     
1|000300|20140604|205.69                 
1|000300|20140605|206.07                 
1|000300|20140606|204.64000000000001     
1|000300|20140609|202.67000000000002     
1|000300|20140610|204.72                 
1|000300|20140611|204.45999999999998     
1|000300|20140612|204.49                 
1|000300|20140613|205.82                 
1|000300|20140616|208.08999999999997     
1|000300|20140617|213.89                 
1|000300|20140618|216.02                 
1|000300|20140619|218.91000000000003     
1|000300|20140620|221.20000000000002     
1|000300|20140623|220.76999999999998     
1|000300|20140624|220.45                 
1|000300|20140625|220.46                 
1|000300|20140626|221.08                 
1|000300|20140627|221.08                 
1|000300|20140630|221.14                 
1|000300|20140701|220.54                 
1|000300|20140702|220.43                 
1|000300|20140703|219.94                 
1|000300|20140704|219.05                 
1|000300|20140707|218.99                 
1|000300|20140708|218.89                 
1|000300|20140709|218.53                 
1|000300|20140710|218.56                 
1|000300|20140711|217.13                 
1|000300|20140714|215.85                 
1|000300|20140715|215.53                 
1|000300|20140716|215.34                 
1|000300|20140717|215.06                 
1|000300|20140718|214.67                 
1|000300|20140721|213.55                 
1|000300|20140722|211.55                 
1|000300|20140723|209.73000000000002     
1|000300|20140724|209.96                 
1|000300|20140725|210.29000000000002     
1|000300|20140728|211.89                 
1|000300|20140729|211.97                 
1|000300|20140730|212.98000000000002     
1|000300|20140731|214.37                 
1|000300|20140801|216.81                 
1|000300|20140804|216.16000000000003     
1|000300|20140805|215.04                 
1|000300|20140806|214.26                 
1|000300|20140807|212.47000000000003     
1|000300|20140808|213.05                 
1|000300|20140811|213.09                 
1|000300|20140812|211.67                 
1|000300|20140813|211.14                 
1|000300|20140814|210.11                 
1|000300|20140815|209.87                 
1|000300|20140818|206.85000000000002     
1|000300|20140819|204.88                 
1|000300|20140820|203.95999999999998     
1|000300|20140821|203.98000000000002     
1|000300|20140822|203.38                 
1|000300|20140825|203.44                 
1|000300|20140826|204.62                 
1|000300|20140827|204.73                 
1|000300|20140828|204.84                 
1|000300|20140829|205.22000000000003     
1|000300|20140901|202.98000000000002     
1|000300|20140902|198.85000000000002     
1|000300|20140903|199.47000000000003     
1|000300|20140904|199.73000000000002     
1|000300|20140905|202.41                 
1|000300|20140909|202.82                 
1|000300|20140910|202.71                 
1|000300|20140911|201.93                 
1|000300|20140912|201.35000000000002     
1|000300|20140915|198.26                 
1|000300|20140916|195.96                 
1|000300|20140917|196.29999999999998     
1|000300|20140918|193.08                 
1|000300|20140919|194.07999999999998     
1|000300|20140922|193.39999999999998     
1|000300|20140923|193.96                 
1|000300|20140924|197.72                 
1|000300|20140925|198.13                 
1|000300|20140926|197.19                 
1|000300|20140929|194.73000000000002     
1|000300|20140930|193.5                  
1|000300|20141008|190.4                  
1|000300|20141009|188.98999999999998     
1|000300|20141010|186.38                 
1|000300|20141013|184.49                 
1|000300|20141014|181.33                 
1|000300|20141015|180.72000000000003     
1|000300|20141016|178.85                 
1|000300|20141017|183.3                  
1|000300|20141020|182.26                 
1|000300|20141021|182.15                 
1|000300|20141022|182.25                 
1|000300|20141023|183.85                 
1|000300|20141024|184.88                 
1|000300|20141027|186.68                 
1|000300|20141028|184.59                 
1|000300|20141029|181.8                  
1|000300|20141030|177.56                 
1|000300|20141031|178.13                 
1|000300|20141103|178.11                 
1|000300|20141104|175.55                 
1|000300|20141105|175.71                 
1|000300|20141106|178.72                 
1|000300|20141107|175.32                 
1|000300|20141110|172.54                 
1|000300|20141111|175.11                 
1|000300|20141112|175.70999999999998     
1|000300|20141113|170.85999999999999     
1|000300|20141114|172.68                 
1|000300|20141117|173.88                 
1|000300|20141118|175.97                 
1|000300|20141119|176.65                 
1|000300|20141120|176.69                 
1|000300|20141121|179.88                 
1|000300|20141124|181.07999999999998     
1|000300|20141125|181.5                  
1|000300|20141126|185.28                 
1|000300|20141127|177.72                 
1|000300|20141128|168.79                 
1|000300|20141201|167.99                 
1|000300|20141202|174.49                 
1|000300|20141203|185.5                  
1|000300|20141204|195.63                 
1|000300|20141205|208.06                 
1|000300|20141208|208.7                  
1|000300|20141209|210.69                 
1|000300|20141210|235.32                 
1|000300|20141211|222.88                 
1|000300|20141212|228.59000000000003     
1|000300|20141215|231.58999999999997     
1|000300|20141216|225.20000000000002     
1|000300|20141217|223.49                 
1|000300|20141218|237.67000000000002     
1|000300|20141219|248.69                 
1|000300|20141222|246.61                 
1|000300|20141223|237.96                 
1|000300|20141224|223.74                 
1|000300|20141225|212.77999999999997     
1|000300|20141226|216.12                 
1|000300|20141229|225.51999999999998     
1|000300|20141230|221.28                 
1|000300|20141231|225.1                  
1|000300|20150105|243.32999999999998     
1|000300|20150106|238.31                 
1|000300|20150107|227.32000000000002     
1|000300|20150108|220.85                 
1|000300|20150109|213.69                 
1|000300|20150112|216.64                 
1|000300|20150113|220.37                 
1|000300|20150114|221.55                 
1|000300|20150115|220.53                 
1|000300|20150116|224.2                  
1|000300|20150119|224.32                 
1|000300|20150120|213.07                 
1|000300|20150121|205.16                 
1|000300|20150122|200.89999999999998     
1|000300|20150123|202.23                 
1|000300|20150126|203.32                 
1|000300|20150127|198.24                 
1|000300|20150128|196.25                 
1|000300|20150129|193.42000000000002     
1|000300|20150130|188.74                 
1|000300|20150202|178.47                 
1|000300|20150203|181.69                 
1|000300|20150204|184.07                 
1|000300|20150205|184                    
1|000300|20150206|183.05                 
1|000300|20150209|185.60000000000002     
1|000300|20150210|190.56                 
1|000300|20150211|195.2                  
1|000300|20150212|196.12                 
1|000300|20150213|198.3                  
1|000300|20150216|197.63                 
1|000300|20150217|198.79000000000002     
1|000300|20150225|191.62                 
1|000300|20150226|193.88                 
1|000300|20150227|196.68                 
1|000300|20150302|192.67000000000002     
1|000300|20150303|185.71                 
1|000300|20150304|185.8                  
1|000300|20150305|183.47000000000003     
1|000300|20150306|181.62                 
1|000300|20150309|181.44                 
1|000300|20150310|182.54                 
1|000300|20150311|186.39                 
1|000300|20150312|191.98000000000002     
1|000300|20150313|190.3                  
1|000300|20150316|188.51                 
1|000300|20150317|186.7                  
1|000300|20150318|185.32                 
1|000300|20150319|180.18                 
1|000300|20150320|174.25                 
1|000300|20150323|176.39999999999998     
1|000300|20150324|175.42000000000002     
1|000300|20150325|168.12                 
1|000300|20150326|159.83                 
1|000300|20150327|154.60999999999999     
1|000300|20150330|159.84                 
1|000300|20150331|168.56                 
1|000300|20150401|172.41                 
1|000300|20150402|157.98                 
1|000300|20150403|155.44                 
1|000300|20150407|146.95                 
1|000300|20150408|143.20999999999998     
1|000300|20150409|142.27                 
1|000300|20150410|145.26                 
1|000300|20150413|143                    
1|000300|20150414|143.46                 
1|000300|20150415|141.93                 
1|000300|20150416|143.93                 
1|000300|20150417|134.85                 
1|000300|20150420|134.75                 
1|000300|20150421|135.8                  
1|000300|20150422|122.86                 
1|000300|20150423|119.71                 
1|000300|20150424|119.4                  
1|000300|20150427|116.16                 
1|000300|20150428|111.5                  
1|000300|20150429|110.78                 
1|000300|20150430|109.44999999999999     
1|000300|20150504|107.94                 
1|000300|20150505|107.63999999999999     
1|000300|20150506|112.89999999999999     
1|000300|20150507|131.51                 
1|000300|20150508|127.28                 
1|000300|20150511|102.69                 
1|000300|20150512|100.55000000000001     
1|000300|20150513|99.43                  
1|000300|20150514|98.25                  
1|000300|20150515|99.12                  
1|000300|20150518|97.39                  
1|000300|20150519|101.96                 
1|000300|20150520|111.03                 
1|000300|20150521|114.45                 
1|000300|20150522|116.5                  
1|000300|20150525|119.53                 
1|000300|20150526|122.19                 
1|000300|20150527|132.71                 
1|000300|20150528|137.92000000000002     
1|000300|20150529|147.26                 
1|000300|20150601|149.7                  
1|000300|20150602|153.85000000000002     
1|000300|20150603|154.36                 
1|000300|20150604|138.87                 
1|000300|20150605|130.25                 
1|000300|20150608|108.44                 
1|000300|20150609|94.09                  
1|000300|20150610|91.41                  
1|000300|20150611|90.03                  
1|000300|20150612|90.34                  
1|000300|20150615|87.33                  
1|000300|20150616|88.7                   
1|000300|20150617|87.33000000000001      
1|000300|20150618|87.97                  
1|000300|20150619|91.59                  
1|000300|20150623|97.31                  
1|000300|20150624|91.22                  
1|000300|20150625|90.14                  
1|000300|20150626|92.69                  
1|000300|20150629|102.53999999999999     
1|000300|20150630|119.24000000000001     
1|000300|20150701|113.34                 
1|000300|20150702|125.14999999999999     
1|000300|20150703|152.91000000000003     
1|000300|20150706|191.10000000000002     
1|000300|20150707|205.70999999999998     
1|000300|20150708|197.55                 
1|000300|20150709|200.45000000000002     
1|000300|20150710|195.29000000000002     
1|000300|20150713|191.01                 
1|000300|20150714|185.82999999999998     
1|000300|20150715|184.01999999999998     
1|000300|20150716|181.22                 
1|000300|20150717|179.82                 
1|000300|20150720|176.01                 
1|000300|20150721|174.34                 
1|000300|20150722|172.57000000000002     
1|000300|20150723|169.20999999999998     
1|000300|20150724|167.25                 
1|000300|20150727|168.77                 
1|000300|20150728|167.95                 
1|000300|20150729|166.68                 
1|000905|20121203|1.37                   
1|000905|20130208|0.48                   
1|000905|20130515|45.58                  
1|000905|20130524|46.45                  
1|000905|20130626|47.4                   
1|000905|20130913|44.050000000000004     
1|000905|20131113|71.06                  
1|000905|20131216|69.75                  
1|000905|20140603|74.57                  
1|000905|20140604|74.57                  
1|000905|20140605|74.55000000000001      
1|000905|20140606|74.59                  
1|000905|20140609|74.59                  
1|000905|20140610|74.53                  
1|000905|20140611|74.35                  
1|000905|20140612|74.31                  
1|000905|20140613|74.38                  
1|000905|20140616|74.38                  
1|000905|20140617|74.55999999999999      
1|000905|20140618|74.58999999999999      
1|000905|20140619|74.57                  
1|000905|20140620|74.47                  
1|000905|20140623|74.41                  
1|000905|20140624|74.37                  
1|000905|20140625|74.33                  
1|000905|20140626|74.42999999999999      
1|000905|20140627|74.61                  
1|000905|20140630|74.44                  
1|000905|20140701|74.72                  
1|000905|20140702|74.72999999999999      
1|000905|20140703|74.63                  
1|000905|20140704|74.61                  
1|000905|20140707|74.57000000000001      
1|000905|20140708|74.43                  
1|000905|20140709|74.33                  
1|000905|20140710|74.17                  
1|000905|20140711|74.17                  
1|000905|20140714|73.89000000000001      
1|000905|20140715|73.77                  
1|000905|20140716|73.78                  
1|000905|20140717|73.54                  
1|000905|20140718|73.08                  
1|000905|20140721|73                     
1|000905|20140722|73.00999999999999      
1|000905|20140723|72.89                  
1|000905|20140724|72.57000000000001      
1|000905|20140725|72.22                  
1|000905|20140728|71.22999999999999      
1|000905|20140729|69.18                  
1|000905|20140730|69.06                  
1|000905|20140731|69.19000000000001      
1|000905|20140801|69.22000000000001      
1|000905|20140804|68.92                  
1|000905|20140805|68.8                   
1|000905|20140806|68.60000000000001      
1|000905|20140807|68.5                   
1|000905|20140808|68.22000000000001      
1|000905|20140811|68.14000000000001      
1|000905|20140812|67.91000000000001      
1|000905|20140813|67.59                  
1|000905|20140814|67.52                  
1|000905|20140815|67.24000000000001      
1|000905|20140818|67.01                  
1|000905|20140819|66.81                  
1|000905|20140820|66.69                  
1|000905|20140821|66.64                  
1|000905|20140822|66.58                  
1|000905|20140825|66.58000000000001      
1|000905|20140826|66.48                  
1|000905|20140827|65.71000000000001      
1|000905|20140828|65.50999999999999      
1|000905|20140829|65.17000000000002      
1|000905|20140901|65.03                  
1|000905|20140902|64.99000000000001      
1|000905|20140903|65.02000000000001      
1|000905|20140904|64.75                  
1|000905|20140905|64.77                  
1|000905|20140909|64.61                  
1|000905|20140910|64.42999999999999      
1|000905|20140911|64.45                  
1|000905|20140912|64.35                  
1|000905|20140915|64.3                   
1|000905|20140916|64.3                   
1|000905|20140917|63.74                  
1|000905|20140918|63.65                  
1|000905|20140919|63.65                  
1|000905|20140922|63.87                  
1|000905|20140923|63.849999999999994     
1|000905|20140924|64.19000000000001      
1|000905|20140925|64.4                   
1|000905|20140926|64.68                  
1|000905|20140929|64.46000000000001      
1|000905|20140930|64.42                  
1|000905|20141008|64.21000000000001      
1|000905|20141009|64.09                  
1|000905|20141010|63.900000000000006     
1|000905|20141013|63.54                  
1|000905|20141014|63.33                  
1|000905|20141015|63.10000000000001      
1|000905|20141016|63                     
1|000905|20141017|63.150000000000006     
1|000905|20141020|63.07000000000001      
1|000905|20141021|62.53                  
1|000905|20141022|62.36000000000001      
1|000905|20141023|62.28                  
1|000905|20141024|62.24                  
1|000905|20141027|62.12                  
1|000905|20141028|62.18                  
1|000905|20141029|62.120000000000005     
1|000905|20141030|62.06                  
1|000905|20141031|61.92                  
1|000905|20141103|61.84                  
1|000905|20141104|61.7                   
1|000905|20141105|61.38                  
1|000905|20141106|61.42                  
1|000905|20141107|61.150000000000006     
1|000905|20141110|60.63                  
1|000905|20141111|60.290000000000006     
1|000905|20141112|60.53                  
1|000905|20141113|60.040000000000006     
1|000905|20141114|59.580000000000005     
1|000905|20141117|59.64                  
1|000905|20141118|59.7                   
1|000905|20141119|59.660000000000004     
1|000905|20141120|59.440000000000005     
1|000905|20141121|59.32                  
1|000905|20141124|58.86                  
1|000905|20141125|58.5                   
1|000905|20141126|57.88                  
1|000905|20141127|57.46000000000001      
1|000905|20141128|56.940000000000005     
1|000905|20141201|56.72                  
1|000905|20141202|56.16                  
1|000905|20141203|55.910000000000004     
1|000905|20141204|55.489999999999995     
1|000905|20141205|55.31999999999999      
1|000905|20141208|53.489999999999995     
1|000905|20141209|52.879999999999995     
1|000905|20141210|51.63                  
1|000905|20141211|51.43                  
1|000905|20141212|51.47                  
1|000905|20141215|51.58                  
1|000905|20141216|51.38                  
1|000905|20141217|51.379999999999995     
1|000905|20141218|59.96                  
1|000905|20141219|59.81                  
1|000905|20141222|59.970000000000006     
1|000905|20141223|59.82000000000001      
1|000905|20141224|59.660000000000004     
1|000905|20141225|59.46                  
1|000905|20141226|59.02                  
1|000905|20141229|58.370000000000005     
1|000905|20141230|57.79                  
1|000905|20141231|57.7                   
1|000905|20150105|57.31                  
1|000905|20150106|57.28000000000001      
1|000905|20150107|56.73                  
1|000905|20150108|56.61                  
1|000905|20150109|56.050000000000004     
1|000905|20150112|56                     
1|000905|20150113|56.04                  
1|000905|20150114|56.18                  
1|000905|20150115|56.13                  
1|000905|20150116|55.87                  
1|000905|20150119|56.02                  
1|000905|20150120|55.03000000000001      
1|000905|20150121|54.629999999999995     
1|000905|20150122|54.26                  
1|000905|20150123|54.190000000000005     
1|000905|20150126|54.080000000000005     
1|000905|20150127|53.35                  
1|000905|20150128|53.480000000000004     
1|000905|20150129|52.48                  
1|000905|20150130|52.5                   
1|000905|20150202|52.52                  
1|000905|20150203|52.42                  
1|000905|20150204|52.379999999999995     
1|000905|20150205|52.669999999999995     
1|000905|20150206|52.97999999999999      
1|000905|20150209|52.75                  
1|000905|20150210|52.67999999999999      
1|000905|20150211|52.81999999999999      
1|000905|20150212|52.68                  
1|000905|20150213|52.42                  
1|000905|20150216|52.059999999999995     
1|000905|20150217|52.08                  
1|000905|20150225|51.94                  
1|000905|20150226|51.67                  
1|000905|20150227|51.53                  
1|000905|20150302|51.63                  
1|000905|20150303|51.089999999999996     
1|000905|20150304|50.62                  
1|000905|20150305|49.769999999999996     
1|000905|20150306|49.099999999999994     
1|000905|20150309|48.94                  
1|000905|20150310|48.76                  
1|000905|20150311|48.63                  
1|000905|20150312|48.42                  
1|000905|20150313|48.25000000000001      
1|000905|20150316|48.300000000000004     
1|000905|20150317|48.64999999999999      
1|000905|20150318|49                     
1|000905|20150319|48.89                  
1|000905|20150320|49.07                  
1|000905|20150323|49.19                  
1|000905|20150324|49.709999999999994     
1|000905|20150325|49.54                  
1|000905|20150326|49.21                  
1|000905|20150327|49.31                  
1|000905|20150330|49.53                  
1|000905|20150331|49.629999999999995     
1|000905|20150401|49.49                  
1|000905|20150402|49.550000000000004     
1|000905|20150403|49.74000000000001      
1|000905|20150407|50.14                  
1|000905|20150408|49.94                  
1|000905|20150409|47.99                  
1|000905|20150410|47.83                  
1|000905|20150413|47.81                  
1|000905|20150414|26.4                   
1|000905|20150415|26.139999999999997     
1|000905|20150416|25.79                  
1|000905|20150417|25.139999999999993     
1|000905|20150420|24.849999999999994     
1|000905|20150421|24.359999999999996     
1|000905|20150422|24.299999999999997     
1|000905|20150423|24.18                  
1|000905|20150424|24.06                  
1|000905|20150427|23.869999999999997     
1|000905|20150428|23.57                  
1|000905|20150429|23.41                  
1|000905|20150430|23.25                  
1|000905|20150504|23.099999999999998     
1|000905|20150505|22.979999999999997     
1|000905|20150506|22.85                  
1|000905|20150507|22.77                  
1|000905|20150508|31.42                  
1|000905|20150511|31.32                  
1|000905|20150512|29.740000000000002     
1|000905|20150513|28.75                  
1|000905|20150514|28.299999999999997     
1|000905|20150515|35.17                  
1|000905|20150518|34.25                  
1|000905|20150519|34.1                   
1|000905|20150520|34.49                  
1|000905|20150521|34.3                   
1|000905|20150522|33.38                  
1|000905|20150525|33.099999999999994     
1|000905|20150526|33.15                  
1|000905|20150527|32.980000000000004     
1|000905|20150528|32.81                  
1|000905|20150529|37.45                  
1|000905|20150601|38.089999999999996     
1|000905|20150602|40.699999999999996     
1|000905|20150603|40.970000000000006     
1|000905|20150604|35.7                   
1|000905|20150605|35.06                  
1|000905|20150608|34.47                  
1|000905|20150609|33.879999999999995     
1|000905|20150610|33.529999999999994     
1|000905|20150611|32.52                  
1|000905|20150612|35.440000000000005     
1|000905|20150615|34.56                  
1|000905|20150616|34.040000000000006     
1|000905|20150617|33.379999999999995     
1|000905|20150618|33.11                  
1|000905|20150619|33.239999999999995     
1|000905|20150623|33.5                   
1|000905|20150624|31.980000000000004     
1|000905|20150625|31.53                  
1|000905|20150626|31.490000000000002     
1|000905|20150629|31.45                  
1|000905|20150630|32.31                  
1|000905|20150701|31.15                  
1|000905|20150702|33.019999999999996     
1|000905|20150703|40.15                  
1|000905|20150706|50.33                  
1|000905|20150707|54.59                  
1|000905|20150708|52.14                  
1|000905|20150709|50.980000000000004     
1|000905|20150710|51.269999999999996     
1|000905|20150713|51.68                  
1|000905|20150714|51.92                  
1|000905|20150715|51.04                  
1|000905|20150716|50.690000000000005     
1|000905|20150717|50.49000000000001      
1|000905|20150720|52.220000000000006     
1|000905|20150721|51.55000000000001      
1|000905|20150722|50.57999999999999      
1|000905|20150723|51.44999999999998      
1|000905|20150724|51.34                  
1|000905|20150727|51.49                  
1|000905|20150728|51.46                  
1|000905|20150729|51.57                  
