1|999999|20150702|0.014764506127274975   
1|999999|20150701|-0.16214622641509613   
1|999999|20150630|0                      
1|999999|20150629|-0.23529411764705901   
1|999999|20150626|0                      
1|999999|20150625|0                      
1|999999|20150624|0                      
1|999999|20150624|0                      
1|999999|20150623|0                      
1|999999|20150623|0                      
1|999999|20150623|0                      
1|999999|20150619|0                      
1|999999|20150619|0                      
1|999999|20150619|0                      
1|999999|20150618|0                      
1|999999|20150618|0                      
1|999999|20150618|0                      
1|999999|20150618|0                      
1|999999|20150617|0                      
1|999999|20150617|0                      
1|999999|20150617|0                      
1|999999|20150617|0                      
1|999999|20150616|0                      
1|999999|20150616|0                      
1|999999|20150616|0                      
1|999999|20150616|0                      
1|999999|20150615|0                      
1|999999|20150615|0                      
1|999999|20150615|0                      
1|999999|20150615|0                      
1|999999|20150612|0                      
1|999999|20150612|0                      
1|999999|20150612|0                      
1|999999|20150612|0                      
1|999999|20150611|0                      
1|999999|20150611|0                      
1|999999|20150611|0                      
1|999999|20150611|0                      
1|999999|20150610|0                      
1|999999|20150610|0                      
1|999999|20150610|0                      
1|999999|20150610|0                      
1|999999|20150609|0                      
1|999999|20150609|0                      
1|999999|20150609|0                      
1|999999|20150609|0                      
1|999999|20150608|0                      
1|999999|20150608|0                      
1|999999|20150608|0                      
1|999999|20150608|0                      
1|999999|20150605|0                      
1|999999|20150605|0                      
1|999999|20150605|0                      
1|999999|20150605|-0.05878894767784315   
1|999999|20150604|0                      
1|999999|20150604|0                      
1|999999|20150604|0                      
1|999999|20150604|-0.17605633802816267   
1|999999|20150603|0                      
1|999999|20150603|0                      
1|999999|20150603|0                      
1|999999|20150603|-0.2779809802487217    
1|999999|20150602|0                      
1|999999|20150602|0                      
1|999999|20150602|0                      
1|999999|20150602|-0.3644314868804716    
1|999999|20150601|0                      
1|999999|20150601|0                      
1|999999|20150601|0                      
1|999999|20150601|-0.4065040650406443    
1|999999|20150529|0                      
1|999999|20150529|0                      
1|999999|20150529|0                      
1|999999|20150529|-0.5486572336124784    
1|999999|20150528|0                      
1|999999|20150528|0                      
1|999999|20150528|0                      
1|999999|20150528|-1.36713187126175      
1|999999|20150527|0                      
1|999999|20150527|0                      
1|999999|20150527|0                      
1|999999|20150527|-1.7627308337996566    
1|999999|20150526|0                      
1|999999|20150526|0                      
1|999999|20150526|0                      
1|999999|20150526|-3.1960996749729227    
1|999999|20150525|0                      
1|999999|20150525|0                      
1|999999|20150525|0                      
1|999999|20150525|-4.500775995861353     
1|999999|20150522|0                      
1|999999|20150522|0                      
1|999999|20150522|0                      
1|999999|20150522|-2.0770010131712224    
1|999999|20150521|0                      
1|999999|20150521|0                      
1|999999|20150521|0                      
1|999999|20150521|-1.8886679920477152    
1|999999|20150520|0                      
1|999999|20150520|0                      
1|999999|20150520|0                      
1|999999|20150520|-2.211421628189555     
1|999999|20150519|0                      
1|999999|20150519|0                      
1|999999|20150519|0                      
1|999999|20150519|-1.3426036921601545    
1|999999|20150518|0                      
1|999999|20150518|0                      
1|999999|20150518|0                      
1|999999|20150518|-1.6505541145956002    
1|999999|20150515|0                      
1|999999|20150515|0                      
1|999999|20150515|0                      
1|999999|20150515|-1.63516177664386      
1|999999|20150514|0                      
1|999999|20150514|0                      
1|999999|20150514|0                      
1|999999|20150514|-1.664956095335851     
1|999999|20150513|0                      
1|999999|20150513|0                      
1|999999|20150513|0                      
1|999999|20150513|-0.690826727066817     
1|999999|20150512|0                      
1|999999|20150512|0                      
1|999999|20150512|0                      
1|999999|20150512|-0.8533572872221031    
1|999999|20150511|0                      
1|999999|20150511|0                      
1|999999|20150511|0                      
1|999999|20150511|-1.0444444444444378    
1|999999|20150508|0                      
1|999999|20150508|0                      
1|999999|20150508|0                      
1|999999|20150508|-0.3322259136212554    
1|999999|20150507|0                      
1|999999|20150507|0                      
1|999999|20150507|0                      
1|999999|20150507|-0.39708802117804276   
1|999999|20150506|0                      
1|999999|20150506|0                      
1|999999|20150506|0                      
1|999999|20150506|-0.27499725002748415   
1|999999|20150505|0                      
1|999999|20150505|0                      
1|999999|20150505|0                      
1|999999|20150505|-0.3791531515736069    
1|999999|20150504|0                      
1|999999|20150504|0                      
1|999999|20150504|0                      
1|999999|20150504|-0.41033700017460506   
1|999999|20150430|0                      
1|999999|20150430|0                      
1|999999|20150430|0                      
1|999999|20150430|-0.32415968671815326   
1|999999|20150429|0                      
1|999999|20150429|0                      
1|999999|20150429|0                      
1|999999|20150429|-0.23874118285404497   
1|999999|20150428|0                      
1|999999|20150428|0                      
1|999999|20150428|0                      
1|999999|20150428|-0.43865335580620957   
1|999999|20150427|0                      
1|999999|20150427|0                      
1|999999|20150427|0                      
1|999999|20150427|-0.32737454232177693   
1|999999|20150424|0                      
1|999999|20150424|0                      
1|999999|20150424|0                      
1|999999|20150424|-0.5526045236463388    
1|999999|20150423|0                      
1|999999|20150423|0                      
1|999999|20150423|0                      
1|999999|20150423|-0.5262597208905969    
1|999999|20150422|0                      
1|999999|20150422|0                      
1|999999|20150422|0                      
1|999999|20150422|-0.6981910504601603    
1|999999|20150421|0                      
1|999999|20150421|0                      
1|999999|20150421|0                      
1|999999|20150421|-0.6056400227115089    
1|999999|20150420|0                      
1|999999|20150420|0                      
1|999999|20150420|0                      
1|999999|20150420|-0.4292474559236187    
1|999999|20150417|0                      
1|999999|20150417|0                      
1|999999|20150417|0                      
1|999999|20150417|0.010470546353121502   
1|999999|20150416|0                      
1|999999|20150416|0                      
1|999999|20150416|0                      
1|999999|20150416|-0.041864651581451195  
1|999999|20150415|0                      
1|999999|20150415|0                      
1|999999|20150415|0                      
1|999999|20150415|0                      
1|999999|20150414|0                      
1|999999|20150414|0                      
1|999999|20150414|0                      
1|999999|20150414|-0.002093188763757838  
1|999999|20150413|0                      
1|999999|20150413|0                      
1|999999|20150413|0                      
1|999999|20150413|-0.023019776080362056  
1|999999|20150410|0                      
1|999999|20150410|0                      
1|999999|20150410|0                      
1|999999|20150410|-0.027197790702532216  
1|999999|20150409|0                      
1|999999|20150409|0                      
1|999999|20150409|0                      
1|999999|20150409|-0.004184100418418871  
1|999999|20150408|0                      
1|999999|20150408|0                      
1|999999|20150408|0                      
1|999999|20150408|0                      
1|999999|20150407|0                      
1|999999|20150407|0                      
1|999999|20150407|0                      
1|999999|20150407|0                      
1|999999|20150403|0                      
1|999999|20150403|0                      
1|999999|20150403|0                      
1|999999|20150403|0                      
1|999999|20150402|0                      
1|999999|20150402|0                      
1|999999|20150402|0                      
1|999999|20150402|0                      
1|999999|20150401|0                      
1|999999|20150401|0                      
1|999999|20150401|0                      
1|999999|20150401|0                      
1|999999|20150331|0                      
1|999999|20150331|0                      
1|999999|20150331|0                      
1|999999|20150331|0                      
1|999999|20150330|0                      
1|999999|20150330|0                      
1|999999|20150330|0                      
1|999999|20150330|0                      
1|999999|20150327|0                      
1|999999|20150327|0                      
1|999999|20150327|0                      
1|999999|20150327|0                      
1|999999|20150326|0                      
1|999999|20150326|0                      
1|999999|20150326|0                      
1|999999|20150326|-0.00209200644337497   
1|999999|20150325|0                      
1|999999|20150325|0                      
1|999999|20150325|0                      
1|999999|20150325|0.0020920502092001453  
1|999999|20150324|0                      
1|999999|20150324|0                      
1|999999|20150324|0                      
1|999999|20150324|0                      
1|999999|20150323|0                      
1|999999|20150323|0                      
1|999999|20150323|0                      
1|999999|20150323|0                      
1|999999|20150320|0                      
1|999999|20150320|0                      
1|999999|20150320|0                      
1|999999|20150320|-0.00209200644337497   
1|999999|20150319|0                      
1|999999|20150319|0                      
1|999999|20150319|0                      
1|999999|20150319|0                      
1|999999|20150318|0                      
1|999999|20150318|0                      
1|999999|20150318|0                      
1|999999|20150318|0                      
1|999999|20150317|0                      
1|999999|20150317|0                      
1|999999|20150317|0                      
1|999999|20150317|0                      
1|999999|20150316|0                      
1|999999|20150316|0                      
1|999999|20150316|0                      
1|999999|20150316|0.0020920502092001453  
1|999999|20150313|0                      
1|999999|20150313|0                      
1|999999|20150313|0                      
1|999999|20150313|-0.00209200644337497   
1|999999|20150312|0                      
1|999999|20150312|0                      
1|999999|20150312|0                      
1|999999|20150312|0                      
1|999999|20150311|0                      
1|999999|20150311|0                      
1|999999|20150311|0                      
1|999999|20150311|0                      
1|999999|20150310|0                      
1|999999|20150310|0                      
1|999999|20150310|0                      
1|999999|20150310|-0.004183837834454366  
1|999999|20150309|0                      
1|999999|20150309|0                      
1|999999|20150309|0                      
1|999999|20150309|-0.03764036720267995   
1|999999|20150306|0                      
1|999999|20150306|0                      
1|999999|20150306|0                      
1|999999|20150306|0.039747290908330464   
1|999999|20150305|0                      
1|999999|20150305|0                      
1|999999|20150305|0                      
1|999999|20150305|-0.020915251401328827  
1|999999|20150304|0                      
1|999999|20150304|0                      
1|999999|20150304|0                      
1|999999|20150304|0.01464281978872806    
1|999999|20150303|0                      
1|999999|20150303|0                      
1|999999|20150303|0                      
1|999999|20150303|-0.0501787618390461    
1|999999|20150302|0                      
1|999999|20150302|0                      
1|999999|20150302|0                      
1|999999|20150302|-0.10442991708264361   
1|999999|20150228|0                      
1|999999|20150228|0                      
1|999999|20150228|0                      
1|999999|20150228|-0.018793852322096707  
1|999999|20150227|0                      
1|999999|20150227|0                      
1|999999|20150227|0                      
1|999999|20150227|0.020886419649950583   
1|999999|20150226|0                      
1|999999|20150226|0                      
1|999999|20150226|0                      
1|999999|20150226|-0.016706344234221106  
1|999999|20150225|0                      
1|999999|20150225|0                      
1|999999|20150225|0                      
1|999999|20150225|0.03760340937576998    
1|999999|20150217|0                      
1|999999|20150217|0                      
1|999999|20150217|0                      
1|999999|20150217|-0.041764116271295094  
1|999999|20150216|0                      
1|999999|20150216|0                      
1|999999|20150216|0                      
1|999999|20150216|0.02506475060572871    
1|999999|20150215|0                      
1|999999|20150215|0                      
1|999999|20150215|0                      
1|999999|20150215|0.04388256190576606    
1|999999|20150213|0                      
1|999999|20150213|0                      
1|999999|20150213|0                      
1|999999|20150213|0.043901827152225334   
1|999999|20150212|0                      
1|999999|20150212|0                      
1|999999|20150212|0                      
1|999999|20150212|0.07112970711297216    
1|999999|20150211|0                      
1|999999|20150211|0                      
1|999999|20150211|0                      
1|999999|20150211|0.020924879681948817   
1|999999|20150210|0                      
1|999999|20150210|0                      
1|999999|20150210|0                      
1|999999|20150210|0                      
1|999999|20150209|0                      
1|999999|20150209|0                      
1|999999|20150209|0                      
1|999999|20150209|-0.006277069863791538  
1|999999|20150206|0                      
1|999999|20150206|0                      
1|999999|20150206|0                      
1|999999|20150206|-0.07735730712942208   
1|999999|20150205|0                      
1|999999|20150205|0                      
1|999999|20150205|0                      
1|999999|20150205|-0.11694440963954775   
1|999999|20150204|0                      
1|999999|20150204|0                      
1|999999|20150204|0                      
1|999999|20150204|0.06268806419258012    
1|999999|20150203|0                      
1|999999|20150203|0                      
1|999999|20150203|0                      
1|999999|20150203|0.01671961210499732    
1|999999|20150202|0                      
1|999999|20150202|0                      
1|999999|20150202|0                      
1|999999|20150202|0.03763328454943252    
1|999999|20150130|0                      
1|999999|20150130|0                      
1|999999|20150130|0                      
1|999999|20150130|0.08369951872777669    
1|999999|20150129|0                      
1|999999|20150129|0                      
1|999999|20150129|0                      
1|999999|20150129|0.004185151083944376   
1|999999|20150128|0                      
1|999999|20150128|0                      
1|999999|20150128|0                      
1|999999|20150128|0.06281670086687285    
1|999999|20150127|0                      
1|999999|20150127|0                      
1|999999|20150127|0                      
1|999999|20150127|0.0209432855826492     
1|999999|20150126|0                      
1|999999|20150126|0                      
1|999999|20150126|0                      
1|999999|20150126|0.02094767271356852    
1|999999|20150123|0                      
1|999999|20150123|0                      
1|999999|20150123|0                      
1|999999|20150123|0.037720033528905225   
1|999999|20150122|0                      
1|999999|20150122|0                      
1|999999|20150122|0                      
1|999999|20150122|0.08389261744967381    
1|999999|20150121|0                      
1|999999|20150121|0                      
1|999999|20150121|0                      
1|999999|20150121|0.09446835310171452    
1|999999|20150120|0                      
1|999999|20150120|0                      
1|999999|20150120|0                      
1|999999|20150120|0.168226264325518      
1|999999|20150119|0                      
1|999999|20150119|0                      
1|999999|20150119|0                      
1|999999|20150119|0.07154731592346923    
1|999999|20150116|0                      
1|999999|20150116|0                      
1|999999|20150116|0                      
1|999999|20150116|0                      
1|999999|20150115|0                      
1|999999|20150115|0                      
1|999999|20150115|0                      
1|999999|20150115|0.04421052631579863    
1|999999|20150114|0                      
1|999999|20150114|0                      
1|999999|20150114|0                      
1|999999|20150114|0                      
1|999999|20150113|0                      
1|999999|20150113|0                      
1|999999|20150113|0                      
1|999999|20150113|0                      
1|999999|20150112|0                      
1|999999|20150112|0                      
1|999999|20150112|0                      
1|999999|20150112|0.021057064645195495   
1|999999|20150109|0                      
1|999999|20150109|0                      
1|999999|20150109|0                      
1|999999|20150109|0.004211590296486141   
1|999999|20150108|0                      
1|999999|20150108|0                      
1|999999|20150108|0                      
1|999999|20150108|0.025275928890383936   
1|999999|20150107|0                      
1|999999|20150107|0                      
1|999999|20150107|0                      
1|999999|20150107|0.044252449689188386   
1|999999|20150106|0                      
1|999999|20150106|0                      
1|999999|20150106|0                      
1|999999|20150106|0.054818781757999493   
1|999999|20150105|0                      
1|999999|20150105|0                      
1|999999|20150105|0                      
1|999999|20150105|0.09285638915267522    
1|999999|20150104|0                      
1|999999|20150104|0                      
1|999999|20150104|0                      
