1|999999|20110413|2.170642003028839
1|999999|20110414|0.48463304465188584
1|999999|20110415|0.4728421378014374
1|999999|20110418|1.0107649142380248
1|999999|20110419|-0.011137234233175341
1|999999|20110420|2.0417962457242385
1|999999|20110421|1.6626371678983347
1|999999|20110422|0.4381565318912553
1|999999|20110425|-0.46343888559822205
1|999999|20110426|-0.27421009442524624
1|999999|20110427|0.118720491426714
1|999999|20110428|-0.9841861000733476
1|999999|20110429|-0.04395699377775933
1|999999|20110503|-0.1847375842414028
1|999999|20110504|-0.7556904957400388
1|999999|20110505|-0.6488800262675284
1|999999|20110506|-0.8026371913844582
1|999999|20110509|0.7300122207045564
1|999999|20110510|1.0741046640465854
1|999999|20110511|0.03310244538412438
1|999999|20110512|1.1449576200189893
1|999999|20110513|0.8391026143738862
1|999999|20110516|0.07442648192923454
1|999999|20110517|1.3307527196076812
1|999999|20110518|1.1254798569988214
1|999999|20110519|-0.19021976826028406
1|999999|20110520|0.4667715316178528
1|999999|20110523|-0.33318507357242716
1|999999|20110524|0.7176959994870737
1|999999|20110525|0.428415565308728
1|999999|20110526|0.3549376631414376
1|999999|20110527|-0.9171126519800645
1|999999|20110530|0.131574678543234
1|999999|20110531|1.3890883652859782
1|999999|20110601|0.36104656472220176
1|999999|20110602|1.14365248169063
1|999999|20110603|-0.20640349127142255
1|999999|20110607|-0.11640282375084962
1|999999|20110608|0.029797994225591998
1|999999|20110609|0.0930663736008347
1|999999|20110610|0.32368618550526623
1|999999|20110613|-1.0791891417291923
1|999999|20110614|-0.18577711752331214
1|999999|20110615|0.656219293649257
1|999999|20110616|0.7331809185356659
1|999999|20110617|-4.361642689664149
1|999999|20110620|1.5077948729635497
1|999999|20110621|0.3725871558869319
1|999999|20110622|0.2612521379373088
1|999999|20110623|0.02137536398748109
1|999999|20110624|-0.3169970065849117
1|999999|20110627|1.2014314125104537
1|999999|20110628|0.7215001300182075
1|999999|20110629|1.2212102728834875
1|999999|20110630|1.870835913923748
1|999999|20110701|0.9342142794354817
1|999999|20110704|0.2276890825952337
1|999999|20110705|0.3472125757865039
1|999999|20110706|1.6119620671841324
1|999999|20110707|0.5365222989797903
1|999999|20110708|0.09849772801341812
1|999999|20110711|0.7923332857516303
1|999999|20110712|0.44683822974699894
1|999999|20110713|1.175180411831484
1|999999|20110714|0.25557468988385146
1|999999|20110715|-0.00917692002370293
1|999999|20110718|1.5323160453314137
1|999999|20110719|1.0135234066356291
1|999999|20110720|0.9775040068857941
1|999999|20110721|0.848578635119637
1|999999|20110722|0.1333143978905172
1|999999|20110725|1.6632779872875174
1|999999|20110726|0.5863488482282586
1|999999|20110727|1.036600091860601
1|999999|20110728|-0.18143132944110366
1|999999|20110729|-0.6498690130038297
1|999999|20110801|0.7711585387241452
1|999999|20110802|0.834508651289137
1|999999|20110803|0.3632171836587405
1|999999|20110804|-0.15219851598233292
1|999999|20110805|-0.06907907353425219
1|999999|20110808|0.3151866326541007
1|999999|20110809|-0.035357472561288336
1|999999|20110810|-0.33617384257209415
1|999999|20110811|-0.19078965047224838
1|999999|20110812|-0.36913596293064144
1|999999|20110815|0.6046296128529608
1|999999|20110816|0.19278835897103935
1|999999|20110817|0.4098563561425966
1|999999|20110818|0.52708258230672
1|999999|20110819|-0.25662883191701913
1|999999|20110822|0.1520228806627018
1|999999|20110823|0.28416838015568346
1|999999|20110824|-0.06715349138731841
1|999999|20110825|-1.1832892864403335
1|999999|20110826|1.002161375281487
1|999999|20110829|1.924480400985272
1|999999|20110830|1.2370829315289331
1|999999|20110831|0.6911515896605002
1|999999|20110901|0.026691336793895043
1|999999|20110902|0.010887316276537834
1|999999|20110905|0.4895525476780206
1|999999|20110906|0.31165387756630325
1|999999|20110907|-0.12644385408799164
1|999999|20110908|0.34498794206507294
1|999999|20110909|-0.3458484222320681
1|999999|20110913|0.38145475076722607
1|999999|20110914|-0.33712953928635386
1|999999|20110915|-0.259067886799329
1|999999|20110916|0.1168926226553197
1|999999|20110919|0.3943734918348641
1|999999|20110920|0.3684468510055745
1|999999|20110921|-0.4755972739474719
1|999999|20110922|1.5292151221391213
1|999999|20110923|-0.20509448421760912
1|999999|20110926|-0.2544259910891935
1|999999|20110927|0.6477856397455153
1|999999|20110928|-0.7358781273960833
1|999999|20110929|-0.692532129772993
1|999999|20110930|-2.174003612762407
1|999999|20111010|-0.8612823561512776
1|999999|20111011|-0.8577956717203257
1|999999|20111012|0.5237213823205389
1|999999|20111013|0.5538317993278437
1|999999|20111014|-0.6965665035390072
1|999999|20111017|-0.4923439432629923
1|999999|20111018|-0.26329953184356586
1|999999|20111019|-0.020098751935276153
1|999999|20111020|0.15460028678095208
1|999999|20111021|-0.9693438443231361
1|999999|20111024|-1.3170371458414936
1|999999|20111025|0.22199817167031682
1|999999|20111026|-0.35501673339431455
1|999999|20111027|0.7280887907302613
1|999999|20111028|-0.9103965626924424
1|999999|20111031|0.7699722239649577
1|999999|20111101|0.5359119234408597
1|999999|20111102|0.43343939095547257
1|999999|20111103|1.3461848329325776
1|999999|20111104|0.2962802657250434
1|999999|20111107|1.3102820746132848
1|999999|20111108|1.0233563487315305
1|999999|20111109|1.1117113230205302
1|999999|20111110|1.1590561520103122
1|999999|20111111|-0.17408944496538037
1|999999|20111114|0.594813073414521
1|999999|20111115|0.7953891237557261
1|999999|20111116|2.016328817107029
1|999999|20111117|0.14158370051040256
1|999999|20111118|0.08012103556021646
1|999999|20111121|0.6037678013211886
1|999999|20111122|0.3536505621132263
1|999999|20111123|0.1823899797717265
1|999999|20111124|0.18153634707399718
1|999999|20111125|-0.09420701740893436
1|999999|20111128|0.4198332131855111
1|999999|20111129|0.10557331700873902
1|999999|20111130|-0.2317780692927754
1|999999|20111201|-0.7432670367504967
1|999999|20111202|-0.1421511366534566
1|999999|20111205|0.5024403258991847
1|999999|20111206|0.1506282782355041
1|999999|20111207|0.16017875693426448
1|999999|20111208|0.355159528946309
1|999999|20111209|-0.09700482269689224
1|999999|20111212|0.07964648716042758
1|999999|20111213|0.526177685345526
1|999999|20111214|0.2962889133010107
1|999999|20111215|0.5228872748856387
1|999999|20111216|0.5761994893596866
1|999999|20111219|0.8709340867086222
1|999999|20111220|0.23470572917012075
1|999999|20111221|-0.00913935021337207
1|999999|20111222|-0.24544397922037042
1|999999|20111223|-0.5768593640856049
1|999999|20111226|0.3235417138503892
1|999999|20111227|0.12270026775400963
1|999999|20111228|0.43942791036304724
1|999999|20111229|0.14813056580762107
1|999999|20111230|-0.4212571312254659
1|999999|20120104|-0.3338550112600913
1|999999|20120105|-0.931955081282043
1|999999|20120106|0.45379962039793387
1|999999|20120109|-0.528214871562739
1|999999|20120110|-0.34782083476641884
1|999999|20120111|0.42051806581114026
1|999999|20120112|-0.3869397426580716
1|999999|20120113|-0.4689649418904557
1|999999|20120116|-0.15647411186219007
1|999999|20120117|-0.248711887185236
1|999999|20120118|-0.07956169513841131
1|999999|20120119|-1.7852783064633972
1|999999|20120120|-4.842341738755165
1|999999|20120130|2.677730266438682
1|999999|20120131|1.6671833954700506
1|999999|20120201|1.5995899970900138
1|999999|20120202|0.13301731001402328
1|999999|20120203|0.5322768754191562
1|999999|20120206|1.195047785720588
1|999999|20120207|2.320576648510973
1|999999|20120208|-0.03817832634158692
1|999999|20120209|0.2571737810697459
1|999999|20120210|-0.7600492271443523
1|999999|20120213|1.8179006187359399
1|999999|20120214|1.0706099971658947
1|999999|20120215|1.336030015292432
1|999999|20120216|1.2903378811029838
1|999999|20120217|-0.05518918853830932
1|999999|20120220|1.2034791065525325
1|999999|20120221|0.7950987867418831
1|999999|20120222|1.0169547409619675
1|999999|20120223|1.1348238221091722
1|999999|20120224|0.38121261803810697
1|999999|20120227|1.3506991028529953
1|999999|20120228|0.8496568529585138
1|999999|20120229|0.9459094237423517
1|999999|20120301|1.0291396693426929
1|999999|20120302|1.3323268173468872
1|999999|20120305|1.8371834376675908
1|999999|20120306|1.3786729923007635
1|999999|20120307|1.423075571962442
1|999999|20120308|0.8136296947614197
1|999999|20120309|0.5100261217321923
1|999999|20120312|2.141654343113274
1|999999|20120313|0.6569785818065663
1|999999|20120314|1.5467034147372785
1|999999|20120315|0.2273733136251399
1|999999|20120316|0.03206625480192507
1|999999|20120319|1.8286359261995357
1|999999|20120320|0.9540369989444522
1|999999|20120321|0.980859505149476
1|999999|20120322|0.23823255937359583
1|999999|20120323|0.21086951949725719
1|999999|20120326|-0.04555030350088113
1|999999|20120327|1.0946539133977153
1|999999|20120328|0.22861669752071165
1|999999|20120329|-0.8153303959525136
1|999999|20120330|-1.9437478212899317
1|999999|20120405|0.5892958471180073
1|999999|20120406|0.5358195098164071
1|999999|20120409|0.35090731567980216
1|999999|20120410|0.007743929191185839
1|999999|20120411|1.0711169883680018
1|999999|20120412|0.02477617966709718
1|999999|20120413|-1.064219100956781
1|999999|20120416|0.735833363847027
1|999999|20120417|0.47487974983604025
1|999999|20120418|0.03564742947988152
1|999999|20120419|0.15969110542887116
1|999999|20120420|-0.20698117549343398
1|999999|20120423|0.6982384323691113
1|999999|20120424|-0.10264609150849653
1|999999|20120425|0.4273971708830154
1|999999|20120426|0.5769519671003138
1|999999|20120427|-0.6565922798360713
1|999999|20120502|1.1818915231376732
1|999999|20120503|1.6685876665481592
1|999999|20120504|0.04446378578336094
1|999999|20120507|1.6350935389359753
1|999999|20120508|1.2732449602556133
1|999999|20120509|1.6472824362563951
1|999999|20120510|1.7093680746440427
1|999999|20120511|0.21359696089853566
1|999999|20120514|1.4611631403553178
1|999999|20120515|1.4700455415098665
1|999999|20120516|1.73336328922996
1|999999|20120517|0.023008472485775897
1|999999|20120518|0.09154508439528193
1|999999|20120521|0.8286808217817301
1|999999|20120522|-0.12567182740142302
1|999999|20120523|-0.020966136816967063
1|999999|20120524|1.2307316650084328
1|999999|20120525|0.020388147544701668
1|999999|20120528|0.16729495483112605
1|999999|20120529|0.20638637555783967
1|999999|20120530|0.8205728648569903
1|999999|20120531|0.9955995427553016
1|999999|20120601|0.07640288063202991
1|999999|20120604|2.1055029207978624
1|999999|20120605|0.3581783891376239
1|999999|20120606|0.6189009185907653
1|999999|20120607|0.6039190325292634
1|999999|20120608|-0.262456879439335
1|999999|20120611|0.4916253335233534
1|999999|20120612|0.5104826157200651
1|999999|20120613|0.6164186501150323
1|999999|20120614|0.24171442406294946
1|999999|20120615|-0.0968534865281234
1|999999|20120618|0.8646839265027781
1|999999|20120619|0.4542619403735496
1|999999|20120620|0.02946050377461455
1|999999|20120621|0.597184281361922
1|999999|20120625|0.27181091000158014
1|999999|20120626|0.09381695149219597
1|999999|20120627|0.20631077694583017
1|999999|20120628|0.24612251798711146
1|999999|20120629|-0.48540813563552193
1|999999|20120702|0.7231701497232619
1|999999|20120703|0.2970939840115427
1|999999|20120704|0.4893888615279447
1|999999|20120705|0.0008293524416135881
1|999999|20120706|0.2177471169265039
1|999999|20120709|0.8597691328569668
1|999999|20120710|0.5766012669126976
1|999999|20120711|0.20054886046287093
1|999999|20120712|0.4559063521342581
1|999999|20120713|0.0858036403855872
1|999999|20120716|-0.09406587602681515
1|999999|20120717|-0.24274758570709998
1|999999|20120718|0.35162988951560603
1|999999|20120719|0.3072386395048214
1|999999|20120720|0.3707098041528272
1|999999|20120723|0.5257886095912191
1|999999|20120724|0.3513903381397902
1|999999|20120725|-0.10349299891198706
1|999999|20120726|-0.05217094796405622
1|999999|20120727|-0.13591064783699738
1|999999|20120730|0.1244227529220723
1|999999|20120731|-0.46668189799942206
1|999999|20120801|0.1755820431943341
1|999999|20120802|0.20045884309356346
1|999999|20120803|0.1920746792220275
1|999999|20120806|0.7781816332129025
1|999999|20120807|0.9030597197630792
1|999999|20120808|0.0026949093163015064
1|999999|20120809|0.6156778953989909
1|999999|20120810|-0.4638492905316408
1|999999|20120813|0.8031292487668727
1|999999|20120814|0.637252737518296
1|999999|20120815|0.6193010716499255
1|999999|20120816|0.30275221489403675
1|999999|20120817|0.04421142638554488
1|999999|20120820|0.35312125905137504
1|999999|20120821|0.38868924690965334
1|999999|20120822|0.3981686350351249
1|999999|20120823|0.3239001369286183
1|999999|20120824|-0.4719930403746225
1|999999|20120827|-0.534629402452427
1|999999|20120828|0.1946528589179651
1|999999|20120829|-0.1274843902684949
1|999999|20120830|-0.21736348103775266
1|999999|20120831|0.014728169301113385
1|999999|20120903|0.6199090144825999
1|999999|20120904|0.458756154926419
1|999999|20120905|0.582089973345608
1|999999|20120906|0.6457258362225881
1|999999|20120907|-0.3913583367485417
1|999999|20120910|1.2348071001606236
1|999999|20120911|1.6372092764530701
1|999999|20120912|1.179727718962185
1|999999|20120913|0.6919007366193772
1|999999|20120914|-0.2622880587334545
1|999999|20120917|0.7600671616801058
1|999999|20120918|0.44216481098433646
1|999999|20120919|0.5615675327949718
1|999999|20120920|0.5239161720894033
1|999999|20120921|-0.08282802125675173
1|999999|20120924|0.3429069163858232
1|999999|20120925|-0.5095709781084757
1|999999|20120926|-0.21669985021427943
1|999999|20120927|-1.317411521861016
1|999999|20120928|-2.6885568874306354
1|999999|20121008|1.4122811494371386
1|999999|20121009|0.2737244241552342
1|999999|20121010|1.0800093909444415
1|999999|20121011|1.0648945747421472
1|999999|20121012|0.0164948542433986
1|999999|20121015|0.4338648864328964
1|999999|20121016|0.2025023093164423
1|999999|20121017|0.6220742783586912
1|999999|20121018|-0.34938438507342084
1|999999|20121019|-0.41692732662251436
1|999999|20121022|0.37910623547368044
1|999999|20121023|0.7816270426434371
1|999999|20121024|0.5677851011370776
1|999999|20121025|0.7347911241380545
1|999999|20121026|0.7565366706740214
1|999999|20121029|0.7373014823222706
1|999999|20121030|-0.3621092770295248
1|999999|20121031|0.11114469974189775
1|999999|20121101|-0.6244441983483207
1|999999|20121102|-0.20776123182928613
1|999999|20121105|0.4529089851368436
1|999999|20121106|0.6251944337383775
1|999999|20121107|0.30726700616008096
1|999999|20121108|-0.26867798280874916
1|999999|20121109|-0.39926225449051206
1|999999|20121112|0.07872811383490307
1|999999|20121113|0.1640481562921699
1|999999|20121114|0.23510420837326457
1|999999|20121115|0.17684471039580918
1|999999|20121116|0.015432767027960412
1|999999|20121119|0.5669817399201775
1|999999|20121120|0.18514987539484878
1|999999|20121121|0.20189498669011258
1|999999|20121122|-0.0230162655580877
1|999999|20121123|-0.3105054027877463
1|999999|20121126|0.11699752624827722
1|999999|20121127|-0.31692806362749104
1|999999|20121128|-0.4232402343293598
1|999999|20121129|-0.478760683659384
1|999999|20121130|-0.40714805971504875
1|999999|20121203|-0.7812096424974985
1|999999|20121204|-0.5101581695208314
1|999999|20121205|0.20668443616044876
1|999999|20121206|0.816957250497613
1|999999|20121207|-0.16835059899558805
1|999999|20121210|0.30074753285970474
1|999999|20121211|1.0953123743873496
1|999999|20121212|0.9805732420449097
1|999999|20121213|0.5570526796522849
1|999999|20121214|0.2327604636638208
1|999999|20121217|1.4777195706328432
1|999999|20121218|1.5606577241050437
1|999999|20121219|0.9612502871103327
1|999999|20121220|1.3808761317095206
1|999999|20121221|1.3614498399319688
1|999999|20121224|1.2066004711636826
1|999999|20121225|0.7272567191698115
1|999999|20121226|1.408685196779595
1|999999|20121227|1.3667470097364176
1|999999|20121228|0.24027217597792036
1|999999|20121231|-0.4730787100902873
1|999999|20130104|3.0015157116091795
1|999999|20130107|2.3856813298738127
1|999999|20130108|1.7179925688969737
1|999999|20130109|1.4063413017207518
1|999999|20130110|1.7026173326948533
1|999999|20130111|0.7256384775413
1|999999|20130114|1.8735304942472326
1|999999|20130115|1.6301782942357155
1|999999|20130116|1.7198662156494193
1|999999|20130117|1.9062412432878268
1|999999|20130118|-0.29779277471807125
1|999999|20130121|2.1449449348297405
1|999999|20130122|1.9819406845881502
1|999999|20130123|1.4548265168328867
1|999999|20130124|0.6177319857453922
1|999999|20130125|-0.22762990434223312
1|999999|20130128|1.5639393403050232
1|999999|20130129|2.0397780433152617
1|999999|20130130|2.2474607076867463
1|999999|20130131|1.1415332667006597
1|999999|20130201|-0.04788494834886002
1|999999|20130204|2.9154874927323826
1|999999|20130205|1.8670049132546402
1|999999|20130206|1.6986741559684086
1|999999|20130207|1.6374819835477437
1|999999|20130208|-1.9969694620842464
1|999999|20130218|3.5253456376767858
1|999999|20130219|2.2175360439398473
1|999999|20130220|0.5089309933469641
1|999999|20130221|1.2558914119328908
1|999999|20130222|0.13561348848189914
1|999999|20130225|0.9058110683250724
1|999999|20130226|1.7440564922415174
1|999999|20130227|0.7750416465642826
1|999999|20130228|0.05436688684002347
1|999999|20130301|0.835312483367882
1|999999|20130304|1.903583778516248
1|999999|20130305|1.1381057093886469
1|999999|20130306|1.4316873243968231
1|999999|20130307|1.5436800345169266
1|999999|20130308|0.4074188096499995
1|999999|20130311|0.90267862885073
1|999999|20130312|-0.10698334842583579
1|999999|20130313|1.359907571012991
1|999999|20130314|0.7357794318854592
1|999999|20130315|0.7174464194113593
1|999999|20130318|0.5789473316840288
1|999999|20130319|0.48656875608779626
1|999999|20130320|0.41287113722731905
1|999999|20130321|0.7675687382488963
1|999999|20130322|0.5296182372809528
1|999999|20130325|1.1847011575657593
1|999999|20130326|1.0538151312154391
1|999999|20130327|0.9923318603511031
1|999999|20130328|0.9361487195547665
1|999999|20130329|-0.26419319171474287
1|999999|20130401|0.6622361809774547
1|999999|20130402|0.4305002084123621
1|999999|20130403|-0.15506858499108658
1|999999|20130408|0.9709876278716392
1|999999|20130409|0.4971408102109313
1|999999|20130410|0.12979527841335192
1|999999|20130411|0.28223596718426675
1|999999|20130412|-0.13183051438948692
1|999999|20130415|0.07566027526096931
1|999999|20130416|0.19430604158147877
1|999999|20130417|0.7582355801469968
1|999999|20130418|0.4497653200700257
1|999999|20130419|0.02299463848293029
1|999999|20130422|1.4384109826601261
1|999999|20130423|1.1530113004603688
1|999999|20130424|0.6494676821894005
1|999999|20130425|0.3759004009509924
1|999999|20130426|-0.691149018289485
1|999999|20130502|0.8513393890301214
1|999999|20130503|-0.2543854950525018
1|999999|20130506|1.2094132686237486
1|999999|20130507|0.7370342162297739
1|999999|20130508|0.49711533878775205
1|999999|20130509|1.2259718349400759
1|999999|20130510|0.25411431586678385
1|999999|20130513|1.1234647810525409
1|999999|20130514|1.0560202389763926
1|999999|20130515|0.6224622911366184
1|999999|20130516|0.9967509577156833
1|999999|20130517|-0.1564112557351105
1|999999|20130520|1.2743073284484034
1|999999|20130521|1.2969458813817307
1|999999|20130522|0.9805701580250712
1|999999|20130523|1.5990781915508474
1|999999|20130524|0.48288412332770014
1|999999|20130527|1.3207069185898266
1|999999|20130528|0.6796166884157658
1|999999|20130529|0.9678040031640723
1|999999|20130530|1.0753273978377167
1|999999|20130531|0.3893962998519098
1|999999|20130603|1.2864144964736315
1|999999|20130604|0.8985759962563789
1|999999|20130605|0.3521654916227835
1|999999|20130606|0.12504212431490247
1|999999|20130607|-0.6993130667803226
1|999999|20130613|0.6052870608482913
1|999999|20130614|-0.1130565964708573
1|999999|20130617|1.0655992694190997
1|999999|20130618|0.5250035943483773
1|999999|20130619|0.6327795198780923
1|999999|20130620|0.4674147973627865
1|999999|20130621|-0.17362380016748305
1|999999|20130624|-1.1258100334593215
1|999999|20130625|-1.9729588139011565
1|999999|20130626|0.09494573461382329
1|999999|20130627|-0.8397582043462533
1|999999|20130628|-0.7971990622920503
1|999999|20130701|-0.12099583759019848
1|999999|20130702|0.22207941022700572
1|999999|20130703|0.36900501701181004
1|999999|20130704|0.06839943748768385
1|999999|20130705|-0.21683991295522254
1|999999|20130708|-0.44629516480492626
1|999999|20130709|-0.16356757068479869
1|999999|20130710|0.16834830702886336
1|999999|20130711|-0.3265234683322581
1|999999|20130712|0.5097914651767174
1|999999|20130715|0.513186787983827
1|999999|20130716|0.8258077130044441
1|999999|20130717|0.08050550847598646
1|999999|20130718|0.6166015651195965
1|999999|20130719|-0.5676987132779431
1|999999|20130722|0.30349084270228727
1|999999|20130723|0.3598019890567086
1|999999|20130724|0.282545758082453
1|999999|20130725|-0.03109332948755054
1|999999|20130726|-0.23933830205503773
1|999999|20130729|0.2101545498746182
1|999999|20130730|0.012914927745591737
1|999999|20130731|0.142342337989647
1|999999|20130801|0.09074679812159829
1|999999|20130802|-0.3921383034932462
1|999999|20130805|0.28716410543266974
1|999999|20130806|0.17413005161391074
1|999999|20130807|0.4029514962750497
1|999999|20130808|0.773108561984055
1|999999|20130809|0.09427551866142397
1|999999|20130812|-0.005437383448929078
1|999999|20130813|0.7378271120734854
1|999999|20130814|0.08962795705455834
1|999999|20130815|0.3733834480216467
1|999999|20130816|0.7387762348240672
1|999999|20130819|0.2026326337152709
1|999999|20130820|0.5381286924720395
1|999999|20130821|0.75370312656072
1|999999|20130822|0.22494808267617705
1|999999|20130823|0.01220559093196514
1|999999|20130826|0.5954892765969422
1|999999|20130827|1.1093656385392332
1|999999|20130828|1.3376605331993354
1|999999|20130829|0.9936400766074558
1|999999|20130830|-0.5590013545025119
1|999999|20130902|0.9044398925328233
1|999999|20130903|-0.2234646459193905
1|999999|20130904|0.5546527015468654
1|999999|20130905|0.7492614543568599
1|999999|20130906|0.5194769299866986
1|999999|20130909|2.05129015915526
1|999999|20130910|2.043265992358802
1|999999|20130911|0.849183161823186
1|999999|20130912|1.9894287490636522
1|999999|20130913|0.7517028145352315
1|999999|20130916|1.4801406395682462
1|999999|20130917|0.9414644093257084
1|999999|20130918|-0.4704414805070644
1|999999|20130923|1.4022686353592797
1|999999|20130924|0.9098826910424015
1|999999|20130925|0.5044486857878352
1|999999|20130926|0.48555709142736186
1|999999|20130927|-0.13320751040578413
1|999999|20130930|-1.2860605082543923
1|999999|20131008|1.9318823670723684
1|999999|20131009|1.4756559232390065
1|999999|20131010|1.3077066612480637
1|999999|20131011|0.8268375784824749
1|999999|20131014|1.318940618483627
1|999999|20131015|1.1273318473456624
1|999999|20131016|0.006409670703976885
1|999999|20131017|0.41270940051489335
1|999999|20131018|-0.3258511361914617
1|999999|20131021|0.8437712853040924
1|999999|20131022|0.6157772227052135
1|999999|20131023|-0.008622308845524642
1|999999|20131024|0.3286243657334563
1|999999|20131025|0.017777430384440508
1|999999|20131028|0.37093266632960675
1|999999|20131029|-0.6706710643246498
1|999999|20131030|0.1404584336399223
1|999999|20131031|-0.10517220367308015
1|999999|20131101|-0.6568935076799364
1|999999|20131104|0.33473075688926285
1|999999|20131105|0.19301967050998978
1|999999|20131106|0.10287042863103867
1|999999|20131107|0.039286533608625836
1|999999|20131108|-0.2312313259205539
1|999999|20131111|-0.11991400988298946
1|999999|20131112|-0.22219315438608742
1|999999|20131113|-0.42617190065171884
1|999999|20131114|0.18646002932016403
1|999999|20131115|0.25421154523563877
1|999999|20131118|0.9792358880468331
1|999999|20131119|0.6787140148829885
1|999999|20131120|0.7365573189461663
1|999999|20131121|0.24859232008839394
1|999999|20131122|-0.09411306295865203
1|999999|20131125|0.3045103552022308
1|999999|20131126|0.5308608960621234
1|999999|20131127|0.5985231355889361
1|999999|20131128|0.368785569518631
1|999999|20131129|0.3068195663106657
1|999999|20131202|0.0756600051260456
1|999999|20131203|0.435201148294923
1|999999|20131204|0.9468644355758926
1|999999|20131205|0.6981759566441267
1|999999|20131206|0.011918067438605306
1|999999|20131209|0.38867869143394296
1|999999|20131210|0.2550035723302234
1|999999|20131211|0.37227498996025954
1|999999|20131212|0.2580027619721064
1|999999|20131213|0.1526779014045392
1|999999|20131216|0.2154040917485144
1|999999|20131217|0.215448869472955
1|999999|20131218|0.16063896063155872
1|999999|20131219|0.20620979836351808
1|999999|20131220|0.2605625543646496
1|999999|20131223|0.0485050314392436
1|999999|20131224|0.11351982950144343
1|999999|20131225|0.3392116418368019
1|999999|20131226|0.1912143209397507
1|999999|20131227|0.0641068426119038
1|999999|20131230|0.7144789296685143
1|999999|20131231|0.060289056687677235
1|999999|20140102|0.32086878918601464
1|999999|20140103|-0.05031745701990849
1|999999|20140106|0.07265444821967575
1|999999|20140107|-0.05375118451352815
1|999999|20140108|0.22644965832264302
1|999999|20140109|0.37702571872650203
1|999999|20140110|-0.1229476202252646
1|999999|20140113|-0.10362250144433222
1|999999|20140114|-0.08169182826854231
1|999999|20140115|0.21809681254991575
1|999999|20140116|0.10839402811928163
1|999999|20140117|0.15275099565177047
1|999999|20140120|0.1647200335398858
1|999999|20140121|-0.0062187549271741915
1|999999|20140122|0.23766208549260964
1|999999|20140123|0.2679222589158271
1|999999|20140124|-0.07383705229885548
1|999999|20140127|0.2983798841768603
1|999999|20140128|-0.23334920992238423
1|999999|20140129|-0.5629756411943713
1|999999|20140130|-1.1828168975060398
1|999999|20140207|1.0570686663626978
1|999999|20140210|1.561045919120511
1|999999|20140211|1.376409021971563
1|999999|20140212|1.1324212991139466
1|999999|20140213|1.0074506610378644
1|999999|20140214|0.08825318158232469
1|999999|20140217|0.8465700006420372
1|999999|20140218|0.9583489088598152
1|999999|20140219|0.7831041629300605
1|999999|20140220|0.44403925154707025
1|999999|20140221|-0.06378230999894428
1|999999|20140224|0.13986997741490598
1|999999|20140225|-0.15153421264718023
1|999999|20140226|0.39734170198611135
1|999999|20140227|0.004699554352829861
1|999999|20140228|0.0038627344944543287
1|999999|20140303|0.5175864292673382
1|999999|20140304|0.14632154184829257
1|999999|20140305|0.35202463834857206
1|999999|20140306|0.19382073012278095
1|999999|20140307|-0.26803329271948895
1|999999|20140310|-0.2512916801553901
1|999999|20140311|-0.1490894438001146
1|999999|20140312|-0.0368258424975943
1|999999|20140313|0.3235755179269733
1|999999|20140314|-0.17012685035474748
1|999999|20140317|0.28238305062779423
1|999999|20140318|0.4373903658998032
1|999999|20140319|0.5607619183181345
1|999999|20140320|-0.006288826371017037
1|999999|20140321|0.08263178484270599
1|999999|20140324|0.5381716985129015
1|999999|20140325|0.45450731273499095
1|999999|20140326|0.4199322709527226
1|999999|20140327|0.2680046688596159
1|999999|20140328|-0.38062381385766997
1|999999|20140331|-0.0829488355293676
1|999999|20140401|-0.168294681817175
1|999999|20140402|-0.041261863736704554
1|999999|20140403|0.4222763221613323
1|999999|20140404|-0.32840679980099696
1|999999|20140408|0.28826077995272237
1|999999|20140409|0.4650556874666068
1|999999|20140410|0.9231395372090043
1|999999|20140411|-0.02298609070464674
1|999999|20140414|0.6392524792699001
1|999999|20140415|0.6352539269330721
1|999999|20140416|0.11659480643274477
1|999999|20140417|0.08310774404855494
1|999999|20140418|-0.10376003139024993
1|999999|20140421|0.07230477955434042
1|999999|20140422|0.06663746913017861
1|999999|20140423|0.2210826844696827
1|999999|20140424|-0.27459974699358086
1|999999|20140425|-0.43085052144823666
1|999999|20140428|-0.35731473586600565
1|999999|20140429|-0.37543029792714033
1|999999|20140430|-0.6161409118982445
1|999999|20140505|0.425736434360594
1|999999|20140506|0.2830154256233942
1|999999|20140507|-0.007823485283216998
1|999999|20140508|-0.07920967177663021
1|999999|20140509|-0.28283539877168695
1|999999|20140512|0.1678754337732442
1|999999|20140513|0.20488076630010657
1|999999|20140514|-0.0342549681035147
1|999999|20140515|-0.15914111746356063
1|999999|20140516|-0.32682088722337177
1|999999|20140519|0.18045790608536913
1|999999|20140520|0.13361840919891754
1|999999|20140521|0.14483854568138296
1|999999|20140522|-0.16138513877469315
1|999999|20140523|-0.4200518715927297
1|999999|20140526|-0.1454926675307572
1|999999|20140527|0.14753206713428754
1|999999|20140528|0.11863791302756767
1|999999|20140529|-0.23917923075415484
1|999999|20140530|-0.6111127864878599
1|999999|20140603|-0.12803529868786323
1|999999|20140604|-0.13706164540535581
1|999999|20140605|-0.22397999820619072
1|999999|20140606|-0.08212353158007839
1|999999|20140609|0.011301108312671088
1|999999|20140610|0.03955890522929605
1|999999|20140611|0.16055868067629167
1|999999|20140612|0.2946048973744399
1|999999|20140613|-0.3309175985384268
1|999999|20140616|0.22979423622789338
1|999999|20140617|0.5512783931924125
1|999999|20140618|0.8429970248086048
1|999999|20140619|0.3612296958321339
1|999999|20140620|0.017126518437186603
1|999999|20140623|-0.014366713236129106
1|999999|20140624|0.050572644425112584
1|999999|20140625|0.10145335554713035
1|999999|20140626|-0.3490412841017133
1|999999|20140627|-0.40091173646510037
1|999999|20140630|0.3392880629270242
1|999999|20140701|0.330785448173685
1|999999|20140702|0.23891686069709284
1|999999|20140703|0.27700952512494
1|999999|20140704|-0.2022937424644195
1|999999|20140707|0.4577748048435838
1|999999|20140708|0.4196952370863961
1|999999|20140709|0.4503211041928788
1|999999|20140710|0.43625994370363924
1|999999|20140711|0.06879876530960537
1|999999|20140714|0.5018663016729927
1|999999|20140715|0.25392544814452545
1|999999|20140716|0.47530431409988666
1|999999|20140717|0.1258026022232949
1|999999|20140718|-0.34840141032316907
1|999999|20140721|-0.09755385757136795
1|999999|20140722|0.3965122346375157
1|999999|20140723|0.6800904474172841
1|999999|20140724|0.577630370276183
1|999999|20140725|-0.3602452739813589
1|999999|20140728|-0.19771882234808474
1|999999|20140729|0.5961850713965425
1|999999|20140730|1.3535628791031964
1|999999|20140731|0.8111946753018833
1|999999|20140801|-0.23455349469217382
1|999999|20140804|1.021908754116451
1|999999|20140805|0.8373848223112074
1|999999|20140806|1.2237396553000797
1|999999|20140807|1.0638570422084161
1|999999|20140808|0.3797717322503107
1|999999|20140811|0.5332376927340466
1|999999|20140812|1.0223452374105728
1|999999|20140813|1.233098539476494
1|999999|20140814|1.0299342518828694
1|999999|20140815|0.3945683037593716
1|999999|20140818|0.8554999200199346
1|999999|20140819|0.9176242366032359
1|999999|20140820|0.9298804636190764
1|999999|20140821|0.9029090035307396
1|999999|20140822|0.29119924123015645
1|999999|20140825|0.6174589052096927
1|999999|20140826|0.6030988631476761
1|999999|20140827|0.7375749164975725
1|999999|20140828|1.5108008099981263
1|999999|20140829|0.3174004042225822
1|999999|20140901|0.5901581469158164
1|999999|20140902|-0.20571862766473897
1|999999|20140903|0.04416713486835527
1|999999|20140904|0.9462447174208376
1|999999|20140905|-0.14865223975133263
1|999999|20140909|1.580930889277392
1|999999|20140910|1.3551508333850848
1|999999|20140911|1.2308122813483744
1|999999|20140912|0.9210019023438616
1|999999|20140915|1.568635314906679
1|999999|20140916|1.2235667083732749
1|999999|20140917|0.9528070844516678
1|999999|20140918|0.8116153493301727
1|999999|20140919|0.1057167502935914
1|999999|20140922|1.6765362300952678
1|999999|20140923|0.7568781129310944
1|999999|20140924|1.99151958885068
1|999999|20140925|1.307341914860615
1|999999|20140926|0.5035913419728686
1|999999|20140929|-0.5285839971213531
1|999999|20140930|-1.7338902235519944
1|999999|20141008|2.891896471022622
1|999999|20141009|1.5604997827680342
1|999999|20141010|0.9567794986376376
1|999999|20141013|1.560457703592813
1|999999|20141014|0.9896804292880602
1|999999|20141015|1.0417049725228908
1|999999|20141016|0.536139853582371
1|999999|20141017|0.18384252804547946
1|999999|20141020|0.5909716967663782
1|999999|20141021|0.5801622159505203
1|999999|20141022|0.5958990164654484
1|999999|20141023|0.9505550872297236
1|999999|20141024|0.4691451081926725
1|999999|20141027|0.6168837711621838
1|999999|20141028|-0.32638620300242666
1|999999|20141029|-0.1476003281098808
1|999999|20141030|0.8621367507161927
1|999999|20141031|0.20028371062521194
1|999999|20141103|1.231372752040261
1|999999|20141104|0.809834427051158
1|999999|20141105|0.7133377583321922
1|999999|20141106|0.7899470443518531
1|999999|20141107|0.11026671460149429
1|999999|20141110|0.7152366331091862
1|999999|20141111|0.9526779721523487
1|999999|20141112|0.7002873509959018
1|999999|20141113|0.4895203636679085
1|999999|20141114|0.07377430564099048
1|999999|20141117|0.4944428275574092
1|999999|20141118|0.5430316595395265
1|999999|20141119|0.4806171432258636
1|999999|20141120|0.35163157663803074
1|999999|20141121|0.4970533974478256
1|999999|20141124|2.773385252632047
1|999999|20141125|2.107393470097396
1|999999|20141126|1.7303128781584365
1|999999|20141127|0.8313276245929926
1|999999|20141128|1.1624594515298914
1|999999|20141201|1.7770606844781773
1|999999|20141202|1.3595307103293404
1|999999|20141203|1.1617750779910876
1|999999|20141204|3.1476367794352402
1|999999|20141205|1.0633000026816135
1|999999|20141208|3.564256176300539
1|999999|20141209|1.593471246582014
1|999999|20141210|1.4121313325000617
1|999999|20141211|0.5437399781761177
1|999999|20141212|0.3230296317668132
1|999999|20141215|1.5104123626365196
1|999999|20141216|1.4675707760434296
1|999999|20141217|1.6445269599138976
1|999999|20141218|1.3736441156486339
1|999999|20141219|1.5065291537099
1|999999|20141222|0.4998632334749452
1|999999|20141223|-0.23717615252374324
1|999999|20141224|-0.2667362838342863
1|999999|20141225|0.8623039371156866
1|999999|20141226|0.8428369039647584
1|999999|20141229|1.3309099737226882
1|999999|20141230|0.5967231356178289
1|999999|20141231|-0.21353278723001934
1|999999|20150105|1.4055441377068503
1|999999|20150106|1.054837605845375
1|999999|20150107|1.1786989638162542
1|999999|20150108|0.38505056650102193
1|999999|20150109|1.1016841318901436
1|999999|20150112|1.3047191017318214
1|999999|20150113|0.681491297676204
1|999999|20150114|1.195527836384396
1|999999|20150115|1.6848439479845263
1|999999|20150116|0.5610485789654793
1|999999|20150119|-1.9059597175864609
1|999999|20150120|-0.17093173963196387
1|999999|20150121|0.5106180088455328
1|999999|20150122|0.937319163840958
1|999999|20150123|0.5736806266243774
1|999999|20150126|0.6964432680116556
1|999999|20150127|0.31945860682709065
1|999999|20150128|0.2708288324346215
1|999999|20150129|0.20982607316369878
1|999999|20150130|-0.4609154472247768
1|999999|20150202|0.11486064774292688
1|999999|20150203|-0.14515971882504106
1|999999|20150204|0.13295370759755437
1|999999|20150205|0.4129990182761688
1|999999|20150206|0.21485336352708942
1|999999|20150209|0.9113603519453629
1|999999|20150210|1.4165320886767814
1|999999|20150211|0.9047986823342489
1|999999|20150212|-0.1264303903102811
1|999999|20150213|-3.1004958723219853
1|999999|20150216|-0.7934175529566054
1|999999|20150217|-2.525184098951194
1|999999|20150225|2.323538378372266
1|999999|20150226|1.0290682452626818
1|999999|20150227|0.2493289917627954
1|999999|20150302|1.5300636615188943
1|999999|20150303|1.4264485945152183
1|999999|20150304|0.8895974879038377
1|999999|20150305|1.0044799375445521
1|999999|20150306|0.6074820248377081
1|999999|20150309|1.2735391572011856
1|999999|20150310|1.6360474907488587
1|999999|20150311|1.8227001498880995
1|999999|20150312|1.6286681023837395
1|999999|20150313|0.28880370110582076
1|999999|20150316|-0.6542274955944634
1|999999|20150317|0.8038033853815522
1|999999|20150318|1.6131284443955956
1|999999|20150319|1.7462424299911998
1|999999|20150320|1.6720954343723369
1|999999|20150323|0.9664875707064248
1|999999|20150324|1.3853731084105187
1|999999|20150325|1.1759250703097774
1|999999|20150326|1.1918214097949167
1|999999|20150327|0.32588925755383313
1|999999|20150330|1.2937150768873273
1|999999|20150331|0.4871198178675695
1|999999|20150401|1.550863769759514
1|999999|20150402|1.2239576760766953
1|999999|20150403|0.8341791223749319
1|999999|20150407|2.0110104914749756
1|999999|20150408|1.4192246679654508
1|999999|20150409|1.5156024969908721
1|999999|20150410|1.2605778331554003
1|999999|20150413|1.7371151550016555
1|999999|20150414|1.779531983594864
1|999999|20150415|1.2082479056966855
1|999999|20150416|0.9645302053679348
1|999999|20150417|-0.6934283336946591
1|999999|20150420|-0.5297935140928108
1|999999|20150421|0.9190305298896482
1|999999|20150422|1.6549110978122334
1|999999|20150423|1.1067287511958284
1|999999|20150424|0.5616675158690668
1|999999|20150427|1.5298767115005139
1|999999|20150428|0.41829999969682913
1|999999|20150429|0.47705774281299956
1|999999|20150430|0.2396821065154364
1|999999|20150504|1.3859971942830518
1|999999|20150505|0.23589306167125268
1|999999|20150506|1.172507432790957
1|999999|20150507|0.5602019817501724
1|999999|20150508|-1.5866905201764618
1|999999|20150511|0.13800688887631019
1|999999|20150512|0.7295973876082652
1|999999|20150513|0.7001659303342931
1|999999|20150514|0.4790413207320855
1|999999|20150515|-0.0856654224047552
1|999999|20150518|0.6748505502351371
1|999999|20150519|1.1957824176121492
1|999999|20150520|1.2178271125429752
1|999999|20150521|0.8526538436909679
1|999999|20150522|-0.5002490630002899